0.113 0.113 0.000
0.135 0.113 0.000
0.158 0.113 0.000
0.180 0.113 0.000
0.203 0.113 0.049
0.225 0.115 0.118
0.248 0.118 0.186
0.270 0.123 0.255
0.291 0.130 0.324
0.313 0.138 0.393
0.327 0.147 0.423
0.342 0.156 0.453
0.357 0.167 0.484
0.371 0.177 0.514
0.385 0.188 0.544
0.398 0.200 0.575
0.412 0.212 0.605
0.425 0.225 0.635
0.438 0.238 0.785
0.455 0.255 0.785
0.471 0.272 0.815
0.488 0.290 0.867
0.503 0.308 0.919
0.517 0.328 0.971
0.530 0.348 1.022
0.542 0.369 1.074
0.553 0.391 1.126
0.562 0.413 1.178
0.570 0.431 1.178
0.578 0.450 1.178
0.586 0.469 1.178
0.594 0.488 1.197
0.600 0.507 1.272
0.606 0.527 1.347
0.610 0.547 1.421
0.612 0.567 1.496
0.613 0.588 1.571
0.613 0.610 1.571
0.613 0.633 1.571
0.613 0.655 1.571
0.612 0.678 1.620
0.610 0.700 1.688
0.607 0.723 1.757
0.602 0.745 1.826
0.595 0.766 1.895
0.588 0.787 1.964
0.579 0.804 1.964
0.571 0.821 1.964
0.562 0.838 1.964
0.554 0.854 1.964
0.546 0.871 1.964
0.537 0.887 1.964
0.529 0.904 1.964
0.521 0.921 1.964
0.512 0.938 1.964
0.504 0.954 1.964
0.496 0.971 1.964
0.487 0.988 1.964
0.479 1.004 1.964
0.471 1.021 1.964
0.462 1.038 1.964
0.454 1.054 1.964
0.446 1.071 1.964
0.438 1.087 1.964
0.429 1.104 1.964
0.421 1.121 1.964
0.413 1.137 1.964
0.404 1.154 1.964
0.396 1.171 1.964
0.388 1.188 1.964
0.379 1.204 1.964
0.371 1.221 1.964
0.363 1.238 1.964
0.354 1.254 1.964
0.346 1.271 1.964
0.338 1.288 1.964
0.329 1.304 1.964
0.321 1.321 1.964
0.313 1.338 1.964
0.304 1.354 1.964
0.296 1.371 1.964
0.288 1.387 1.964
0.279 1.404 1.964
0.271 1.421 1.964
0.263 1.438 1.964
0.254 1.454 1.964
0.246 1.471 1.964
0.238 1.488 1.964
0.229 1.504 1.964
0.221 1.521 1.964
0.213 1.538 1.964
0.204 1.554 1.964
0.196 1.571 1.964
0.188 1.588 1.964
0.179 1.604 1.964
0.171 1.621 1.964
0.163 1.638 1.964
0.154 1.654 1.964
0.146 1.671 1.964
0.138 1.688 1.964
0.129 1.704 1.964
0.121 1.721 1.964
0.113 1.738 1.964
0.104 1.754 1.964
0.096 1.771 1.964
0.088 1.788 1.964
0.079 1.804 1.964
0.071 1.821 1.964
0.062 1.838 1.964
0.055 1.856 1.964
0.047 1.875 1.964
0.039 1.894 1.964
0.031 1.913 1.944
0.025 1.932 1.870
0.019 1.952 1.795
0.015 1.972 1.720
0.013 1.992 1.645
0.013 2.013 1.571
0.013 2.015 1.571
0.013 2.018 1.571
0.013 2.021 1.571
0.013 2.024 1.571
0.013 2.026 1.571
0.013 2.029 1.571
0.013 2.032 1.571
0.013 2.035 1.571
0.013 2.038 1.571
0.013 2.040 1.571
0.013 2.043 1.571
0.013 2.046 1.571
0.013 2.049 1.571
0.013 2.051 1.571
0.013 2.054 1.571
0.013 2.057 1.571
0.013 2.060 1.571
0.013 2.063 1.571
0.013 2.085 1.571
0.013 2.107 1.571
0.013 2.129 1.571
0.013 2.151 1.571
0.013 2.174 1.571
0.013 2.196 1.571
0.013 2.218 1.571
0.013 2.240 1.571
0.013 2.263 1.571
0.013 2.285 1.571
0.013 2.307 1.571
0.013 2.329 1.571
0.013 2.351 1.571
0.013 2.374 1.571
0.013 2.396 1.571
0.013 2.418 1.571
0.013 2.440 1.571
0.013 2.463 1.571
0.013 2.485 1.571
0.013 2.507 1.571
0.013 2.529 1.571
0.013 2.551 1.571
0.013 2.574 1.571
0.013 2.596 1.571
0.013 2.618 1.571
0.013 2.640 1.571
0.013 2.663 1.571
0.013 2.685 1.571
0.013 2.707 1.571
0.013 2.729 1.571
0.013 2.751 1.571
0.013 2.774 1.571
0.013 2.796 1.571
0.013 2.818 1.571
0.013 2.840 1.571
0.013 2.863 1.571
0.013 2.885 1.571
0.013 2.907 1.571
0.013 2.929 1.571
0.013 2.951 1.571
0.013 2.974 1.571
0.013 2.996 1.571
0.013 3.018 1.571
0.013 3.040 1.571
0.013 3.063 1.571
0.013 3.085 1.571
0.013 3.107 1.571
0.013 3.129 1.571
0.013 3.151 1.571
0.013 3.174 1.571
0.013 3.196 1.571
0.013 3.218 1.571
0.013 3.240 1.571
0.013 3.263 1.571
0.013 3.285 1.571
0.013 3.307 1.571
0.013 3.329 1.571
0.013 3.351 1.571
0.013 3.374 1.571
0.013 3.396 1.571
0.013 3.418 1.571
0.013 3.440 1.571
0.013 3.463 1.571
0.013 3.485 1.571
0.013 3.507 1.571
0.013 3.529 1.571
0.013 3.551 1.571
0.013 3.574 1.571
0.013 3.596 1.571
0.013 3.618 1.571
0.013 3.640 1.571
0.013 3.663 1.571
0.013 3.685 1.571
0.013 3.707 1.571
0.013 3.729 1.571
0.013 3.751 1.571
0.013 3.774 1.571
0.013 3.796 1.571
0.013 3.818 1.571
0.013 3.840 1.571
0.013 3.863 1.571
0.013 3.885 1.571
0.013 3.907 1.571
0.013 3.929 1.571
0.013 3.951 1.571
0.013 3.974 1.571
0.013 3.996 1.571
0.013 4.018 1.571
0.013 4.040 1.571
0.013 4.062 1.571
0.013 4.085 1.571
0.013 4.107 1.571
0.013 4.129 1.571
0.013 4.151 1.571
0.013 4.174 1.571
0.013 4.196 1.571
0.013 4.218 1.571
0.013 4.240 1.571
0.013 4.263 1.571
0.013 4.285 1.571
0.013 4.307 1.571
0.013 4.329 1.571
0.013 4.351 1.571
0.013 4.374 1.571
0.013 4.396 1.571
0.013 4.418 1.571
0.013 4.440 1.571
0.013 4.463 1.571
0.013 4.485 1.571
0.013 4.507 1.571
0.013 4.529 1.571
0.013 4.551 1.571
0.013 4.574 1.571
0.013 4.596 1.571
0.013 4.618 1.571
0.013 4.640 1.571
0.013 4.663 1.571
0.013 4.685 1.571
0.013 4.707 1.571
0.013 4.729 1.571
0.013 4.751 1.571
0.013 4.774 1.571
0.013 4.796 1.571
0.013 4.818 1.571
0.013 4.840 1.571
0.013 4.863 1.571
0.013 4.885 1.571
0.013 4.907 1.571
0.013 4.929 1.571
0.013 4.951 1.571
0.013 4.974 1.571
0.013 4.996 1.571
0.013 5.018 1.571
0.013 5.040 1.571
0.013 5.063 1.571
0.013 5.085 1.571
0.013 5.107 1.571
0.013 5.129 1.571
0.013 5.151 1.571
0.013 5.174 1.571
0.013 5.196 1.571
0.013 5.218 1.571
0.013 5.240 1.571
0.013 5.263 1.571
0.013 5.285 1.571
0.013 5.307 1.571
0.013 5.329 1.571
0.013 5.351 1.571
0.013 5.374 1.571
0.013 5.396 1.571
0.013 5.418 1.571
0.013 5.440 1.571
0.013 5.463 1.571
0.013 5.485 1.571
0.013 5.507 1.571
0.013 5.529 1.571
0.013 5.551 1.571
0.013 5.574 1.571
0.013 5.596 1.571
0.013 5.618 1.571
0.013 5.640 1.571
0.013 5.663 1.571
0.013 5.685 1.571
0.013 5.707 1.571
0.013 5.729 1.571
0.013 5.751 1.571
0.013 5.774 1.571
0.013 5.796 1.571
0.013 5.818 1.571
0.013 5.840 1.571
0.013 5.863 1.571
0.013 5.885 1.571
0.013 5.907 1.571
0.013 5.929 1.571
0.013 5.951 1.571
0.013 5.974 1.571
0.013 5.996 1.571
0.013 6.018 1.571
0.013 6.040 1.571
0.013 6.063 1.571
0.013 6.085 1.571
0.013 6.107 1.571
0.013 6.129 1.571
0.013 6.151 1.571
0.013 6.174 1.571
0.013 6.196 1.571
0.013 6.218 1.571
0.013 6.240 1.571
0.013 6.263 1.571
0.013 6.285 1.571
0.013 6.307 1.571
0.013 6.329 1.571
0.013 6.351 1.571
0.013 6.374 1.571
0.013 6.396 1.571
0.013 6.418 1.571
0.013 6.440 1.571
0.013 6.463 1.571
0.013 6.485 1.571
0.013 6.507 1.571
0.013 6.529 1.571
0.013 6.551 1.571
0.013 6.574 1.571
0.013 6.596 1.571
0.013 6.618 1.571
0.013 6.640 1.571
0.013 6.663 1.571
0.013 6.685 1.571
0.013 6.707 1.571
0.013 6.729 1.571
0.013 6.751 1.571
0.013 6.774 1.571
0.013 6.796 1.571
0.013 6.818 1.571
0.013 6.840 1.571
0.013 6.863 1.571
0.013 6.885 1.571
0.013 6.907 1.571
0.013 6.929 1.571
0.013 6.951 1.571
0.013 6.974 1.571
0.013 6.996 1.571
0.013 7.018 1.571
0.013 7.040 1.571
0.013 7.063 1.571
0.013 7.085 1.571
0.013 7.107 1.571
0.013 7.129 1.571
0.013 7.151 1.571
0.013 7.174 1.571
0.013 7.196 1.571
0.013 7.218 1.571
0.013 7.240 1.571
0.013 7.263 1.571
0.013 7.265 1.571
0.013 7.268 1.571
0.013 7.271 1.571
0.013 7.274 1.571
0.013 7.276 1.571
0.013 7.279 1.571
0.013 7.282 1.571
0.013 7.285 1.571
0.013 7.288 1.571
0.013 7.290 1.571
0.013 7.293 1.571
0.013 7.296 1.571
0.013 7.299 1.571
0.013 7.301 1.571
0.013 7.304 1.571
0.013 7.307 1.571
0.013 7.310 1.571
0.013 7.313 1.571
0.013 7.315 1.571
0.013 7.318 1.571
0.013 7.321 1.571
0.013 7.324 1.571
0.013 7.326 1.571
0.013 7.329 1.571
0.013 7.332 1.571
0.013 7.335 1.571
0.013 7.338 1.571
0.013 7.340 1.571
0.013 7.343 1.571
0.013 7.346 1.571
0.013 7.349 1.571
0.013 7.351 1.571
0.013 7.354 1.571
0.013 7.357 1.571
0.013 7.360 1.571
0.013 7.363 1.571
0.013 7.365 1.571
0.013 7.368 1.571
0.013 7.371 1.571
0.013 7.374 1.571
0.013 7.376 1.571
0.013 7.379 1.571
0.013 7.382 1.571
0.013 7.385 1.571
0.013 7.388 1.571
0.013 7.390 1.571
0.013 7.393 1.571
0.013 7.396 1.571
0.013 7.399 1.571
0.013 7.401 1.571
0.013 7.404 1.571
0.013 7.407 1.571
0.013 7.410 1.571
0.013 7.413 1.571
0.013 7.415 1.571
0.013 7.418 1.571
0.013 7.421 1.571
0.013 7.424 1.571
0.013 7.426 1.571
0.013 7.429 1.571
0.013 7.432 1.571
0.013 7.435 1.571
0.013 7.438 1.571
0.013 7.460 1.571
0.013 7.482 1.571
0.013 7.504 1.571
0.013 7.526 1.571
0.013 7.549 1.571
0.013 7.571 1.571
0.013 7.593 1.571
0.013 7.615 1.571
0.013 7.638 1.571
0.013 7.660 1.571
0.013 7.682 1.571
0.013 7.704 1.571
0.013 7.726 1.571
0.013 7.749 1.571
0.013 7.771 1.571
0.013 7.793 1.571
0.013 7.815 1.571
0.013 7.838 1.571
0.013 7.860 1.571
0.013 7.882 1.571
0.013 7.904 1.571
0.013 7.926 1.571
0.013 7.949 1.571
0.013 7.971 1.571
0.013 7.993 1.571
0.013 8.015 1.571
0.013 8.037 1.571
0.013 8.060 1.571
0.013 8.082 1.571
0.013 8.104 1.571
0.013 8.126 1.571
0.013 8.149 1.571
0.013 8.171 1.571
0.013 8.193 1.571
0.013 8.215 1.571
0.013 8.237 1.571
0.013 8.260 1.571
0.013 8.282 1.571
0.013 8.304 1.571
0.013 8.326 1.571
0.013 8.349 1.571
0.013 8.371 1.571
0.013 8.393 1.571
0.013 8.415 1.571
0.013 8.438 1.571
0.013 8.460 1.571
0.013 8.482 1.571
0.013 8.504 1.571
0.013 8.526 1.571
0.013 8.549 1.571
0.013 8.571 1.571
0.013 8.593 1.571
0.013 8.615 1.571
0.013 8.637 1.571
0.013 8.660 1.571
0.013 8.682 1.571
0.013 8.704 1.571
0.013 8.726 1.571
0.013 8.749 1.571
0.013 8.771 1.571
0.013 8.793 1.571
0.013 8.815 1.571
0.013 8.838 1.571
0.013 8.860 1.571
0.013 8.882 1.571
0.013 8.904 1.571
0.013 8.926 1.571
0.013 8.949 1.571
0.013 8.971 1.571
0.013 8.993 1.571
0.013 9.015 1.571
0.013 9.037 1.571
0.013 9.060 1.571
0.013 9.082 1.571
0.013 9.104 1.571
0.013 9.126 1.571
0.013 9.149 1.571
0.013 9.171 1.571
0.013 9.193 1.571
0.013 9.215 1.571
0.013 9.237 1.571
0.013 9.260 1.571
0.013 9.282 1.571
0.013 9.304 1.571
0.013 9.326 1.571
0.013 9.349 1.571
0.013 9.371 1.571
0.013 9.393 1.571
0.013 9.415 1.571
0.013 9.438 1.571
0.013 9.460 1.571
0.013 9.482 1.571
0.013 9.504 1.571
0.013 9.526 1.571
0.013 9.549 1.571
0.013 9.571 1.571
0.013 9.593 1.571
0.013 9.615 1.571
0.013 9.637 1.571
0.013 9.660 1.571
0.013 9.682 1.571
0.013 9.704 1.571
0.013 9.726 1.571
0.013 9.749 1.571
0.013 9.771 1.571
0.013 9.793 1.571
0.013 9.815 1.571
0.013 9.838 1.571
0.013 9.860 1.571
0.013 9.882 1.571
0.013 9.904 1.571
0.013 9.926 1.571
0.013 9.949 1.571
0.013 9.971 1.571
0.013 9.993 1.571
0.013 10.015 1.571
0.013 10.037 1.571
0.013 10.060 1.571
0.013 10.082 1.571
0.013 10.104 1.571
0.013 10.126 1.571
0.013 10.149 1.571
0.013 10.171 1.571
0.013 10.193 1.571
0.013 10.215 1.571
0.013 10.238 1.571
0.013 10.260 1.571
0.013 10.282 1.571
0.013 10.304 1.571
0.013 10.326 1.571
0.013 10.349 1.571
0.013 10.371 1.571
0.013 10.393 1.571
0.013 10.415 1.571
0.013 10.438 1.571
0.013 10.460 1.571
0.013 10.482 1.571
0.013 10.504 1.571
0.013 10.526 1.571
0.013 10.549 1.571
0.013 10.571 1.571
0.013 10.593 1.571
0.013 10.615 1.571
0.013 10.637 1.571
0.013 10.660 1.571
0.013 10.682 1.571
0.013 10.704 1.571
0.013 10.726 1.571
0.013 10.749 1.571
0.013 10.771 1.571
0.013 10.793 1.571
0.013 10.815 1.571
0.013 10.838 1.571
0.013 10.860 1.571
0.013 10.883 1.571
0.013 10.905 1.571
0.013 10.928 1.522
0.015 10.950 1.453
0.018 10.973 1.384
0.023 10.995 1.316
0.030 11.016 1.247
0.038 11.037 1.178
0.046 11.054 1.178
0.054 11.071 1.178
0.062 11.088 1.178
0.071 11.104 1.178
0.079 11.121 1.178
0.088 11.137 1.178
0.096 11.154 1.178
0.104 11.171 1.178
0.113 11.188 1.178
0.121 11.204 1.178
0.129 11.221 1.178
0.138 11.238 1.178
0.146 11.254 1.178
0.154 11.271 1.178
0.163 11.287 1.178
0.171 11.304 1.178
0.179 11.321 1.178
0.188 11.338 1.178
0.196 11.354 1.178
0.204 11.371 1.178
0.213 11.388 1.178
0.221 11.404 1.178
0.229 11.421 1.178
0.238 11.438 1.178
0.246 11.454 1.178
0.254 11.471 1.178
0.263 11.488 1.178
0.271 11.504 1.178
0.279 11.521 1.178
0.288 11.538 1.178
0.296 11.554 1.178
0.304 11.571 1.178
0.312 11.588 1.178
0.321 11.604 1.178
0.329 11.621 1.178
0.338 11.637 1.178
0.346 11.654 1.178
0.354 11.671 1.178
0.363 11.688 1.178
0.371 11.704 1.178
0.379 11.721 1.178
0.388 11.737 1.178
0.396 11.754 1.178
0.404 11.771 1.178
0.413 11.787 1.178
0.421 11.804 1.178
0.429 11.821 1.178
0.438 11.838 1.178
0.446 11.854 1.178
0.454 11.871 1.178
0.463 11.887 1.178
0.471 11.904 1.178
0.479 11.921 1.178
0.488 11.938 1.178
0.496 11.954 1.178
0.504 11.971 1.178
0.513 11.988 1.178
0.521 12.004 1.178
0.529 12.021 1.178
0.538 12.037 1.178
0.546 12.054 1.178
0.554 12.071 1.178
0.562 12.088 1.178
0.572 12.102 1.148
0.581 12.117 1.117
0.592 12.132 1.087
0.602 12.146 1.057
0.613 12.160 1.027
0.625 12.173 0.996
0.637 12.187 0.966
0.650 12.200 0.936
0.662 12.213 0.785
0.679 12.229 0.785
0.696 12.246 0.785
0.713 12.263 0.785
0.729 12.279 0.785
0.746 12.296 0.785
0.762 12.312 0.785
0.779 12.329 0.785
0.796 12.346 0.785
0.812 12.363 0.785
0.829 12.379 0.785
0.846 12.396 0.785
0.863 12.413 0.785
0.879 12.429 0.785
0.896 12.446 0.785
0.912 12.463 0.785
0.929 12.479 0.785
0.946 12.496 0.785
0.963 12.512 0.785
0.979 12.529 0.785
0.996 12.546 0.785
1.012 12.562 0.785
1.029 12.579 0.785
1.046 12.596 0.785
1.062 12.612 0.785
1.079 12.629 0.785
1.096 12.646 0.785
1.113 12.662 0.785
1.129 12.679 0.785
1.146 12.696 0.785
1.163 12.713 0.785
1.179 12.729 0.785
1.196 12.746 0.785
1.213 12.762 0.785
1.229 12.779 0.785
1.246 12.796 0.785
1.262 12.812 0.785
1.279 12.829 0.785
1.297 12.846 0.756
1.315 12.863 0.704
1.333 12.878 0.652
1.353 12.892 0.600
1.373 12.905 0.548
1.394 12.917 0.496
1.415 12.928 0.445
1.438 12.938 0.393
1.456 12.945 0.393
1.475 12.953 0.393
1.494 12.961 0.393
1.513 12.969 0.374
1.532 12.975 0.299
1.552 12.981 0.224
1.572 12.985 0.149
1.592 12.987 0.075
1.613 12.988 0.000
1.635 12.988 0.000
1.658 12.988 0.000
1.680 12.988 0.000
1.703 12.987 6.234
1.725 12.985 6.166
1.748 12.982 6.097
1.770 12.977 6.028
1.791 12.970 5.959
1.812 12.963 5.891
1.827 12.953 5.860
1.842 12.944 5.830
1.857 12.933 5.800
1.871 12.923 5.769
1.885 12.912 5.739
1.898 12.900 5.709
1.912 12.888 5.678
1.925 12.875 5.648
1.938 12.863 5.498
1.935 12.865 5.498
1.932 12.868 5.498
1.929 12.871 5.498
1.926 12.874 5.498
1.924 12.876 5.498
1.921 12.879 5.498
1.918 12.882 5.498
1.915 12.885 5.498
1.913 12.887 5.498
1.929 12.870 5.498
1.946 12.853 5.468
1.963 12.835 5.416
1.978 12.817 5.364
1.992 12.797 5.312
2.005 12.777 5.261
2.017 12.756 5.209
2.028 12.734 5.157
2.038 12.713 5.105
2.035 12.718 5.105
2.032 12.724 5.105
2.029 12.729 5.105
2.026 12.735 5.105
2.024 12.740 5.105
2.021 12.746 5.105
2.018 12.751 5.105
2.015 12.757 5.105
2.013 12.762 5.105
2.020 12.744 5.105
2.028 12.725 5.105
2.036 12.706 5.105
2.044 12.687 5.086
2.050 12.668 5.011
2.056 12.648 4.937
2.060 12.628 4.862
2.062 12.608 4.787
2.063 12.588 4.712
2.063 12.585 4.712
2.063 12.582 4.712
2.063 12.579 4.712
2.063 12.576 4.712
2.063 12.574 4.712
2.063 12.571 4.712
2.063 12.568 4.712
2.063 12.565 4.712
2.063 12.562 4.712
2.063 12.540 4.712
2.063 12.518 4.712
2.063 12.496 4.712
2.063 12.474 4.712
2.063 12.451 4.712
2.063 12.429 4.712
2.063 12.407 4.712
2.063 12.385 4.712
2.063 12.363 4.712
2.063 12.360 4.712
2.063 12.357 4.712
2.063 12.354 4.712
2.063 12.351 4.712
2.063 12.349 4.712
2.063 12.346 4.712
2.063 12.343 4.712
2.063 12.340 4.712
2.063 12.338 4.712
2.063 12.315 4.712
2.063 12.292 4.712
2.063 12.270 4.712
2.063 12.247 4.761
2.065 12.225 4.830
2.068 12.202 4.899
2.073 12.180 4.968
2.080 12.159 5.036
2.088 12.137 5.105
2.097 12.123 5.135
2.106 12.108 5.166
2.117 12.093 5.196
2.127 12.079 5.226
2.138 12.065 5.257
2.150 12.052 5.287
2.162 12.038 5.317
2.175 12.025 5.348
2.188 12.012 5.498
2.205 11.995 5.498
2.222 11.979 5.527
2.240 11.962 5.579
2.258 11.947 5.631
2.278 11.933 5.683
2.298 11.920 5.735
2.319 11.908 5.787
2.341 11.897 5.839
2.363 11.887 5.891
2.368 11.885 5.891
2.374 11.882 5.891
2.379 11.879 5.891
2.385 11.876 5.891
2.390 11.874 5.891
2.396 11.871 5.891
2.401 11.868 5.891
2.407 11.865 5.891
2.413 11.863 5.891
2.418 11.860 5.891
2.424 11.857 5.891
2.429 11.854 5.891
2.435 11.851 5.891
2.440 11.849 5.891
2.446 11.846 5.891
2.451 11.843 5.891
2.457 11.840 5.891
2.463 11.838 5.891
2.479 11.829 5.891
2.496 11.821 5.891
2.513 11.812 5.891
2.529 11.804 5.891
2.546 11.796 5.891
2.563 11.787 5.891
2.579 11.779 5.891
2.596 11.771 5.891
2.613 11.762 5.891
2.629 11.754 5.891
2.646 11.746 5.891
2.663 11.737 5.891
2.679 11.729 5.891
2.696 11.721 5.891
2.713 11.712 5.891
2.729 11.704 5.891
2.746 11.696 5.891
2.763 11.688 5.891
2.779 11.679 5.891
2.796 11.671 5.891
2.812 11.662 5.891
2.829 11.654 5.891
2.846 11.646 5.891
2.863 11.637 5.891
2.879 11.629 5.891
2.896 11.621 5.891
2.913 11.613 5.891
2.929 11.604 5.891
2.946 11.596 5.891
2.963 11.588 5.891
2.979 11.579 5.891
2.996 11.571 5.891
3.013 11.562 5.891
3.029 11.554 5.891
3.046 11.546 5.891
3.063 11.537 5.891
3.079 11.529 5.891
3.096 11.521 5.891
3.113 11.512 5.891
3.129 11.504 5.891
3.146 11.496 5.891
3.163 11.487 5.891
3.179 11.479 5.891
3.196 11.471 5.891
3.213 11.463 5.891
3.229 11.454 5.891
3.246 11.446 5.891
3.263 11.438 5.891
3.279 11.429 5.891
3.296 11.421 5.891
3.313 11.412 5.891
3.329 11.404 5.891
3.346 11.396 5.891
3.363 11.387 5.891
3.379 11.379 5.891
3.396 11.371 5.891
3.413 11.362 5.891
3.429 11.354 5.891
3.446 11.346 5.891
3.463 11.337 5.891
3.479 11.329 5.891
3.496 11.321 5.891
3.513 11.312 5.891
3.529 11.304 5.891
3.546 11.296 5.891
3.562 11.287 5.891
3.579 11.279 5.891
3.596 11.271 5.891
3.613 11.262 5.891
3.629 11.254 5.891
3.646 11.246 5.891
3.663 11.238 5.891
3.679 11.229 5.891
3.696 11.221 5.891
3.713 11.213 5.891
3.729 11.204 5.891
3.746 11.196 5.891
3.763 11.188 5.891
3.779 11.179 5.891
3.796 11.171 5.891
3.813 11.162 5.891
3.829 11.154 5.891
3.846 11.146 5.891
3.863 11.137 5.891
3.879 11.129 5.891
3.896 11.121 5.891
3.913 11.112 5.891
3.929 11.104 5.891
3.946 11.096 5.891
3.963 11.088 5.891
3.981 11.080 5.891
4.000 11.072 5.891
4.019 11.064 5.891
4.038 11.056 5.910
4.057 11.050 5.984
4.077 11.044 6.059
4.097 11.040 6.134
4.117 11.038 6.208
4.138 11.037 0.000
4.140 11.037 0.000
4.143 11.037 0.000
4.146 11.037 0.000
4.149 11.037 0.000
4.151 11.037 0.000
4.154 11.037 0.000
4.157 11.037 0.000
4.160 11.037 0.000
4.163 11.037 0.000
4.165 11.037 0.000
4.168 11.037 0.000
4.171 11.037 0.000
4.174 11.037 0.000
4.176 11.037 0.000
4.179 11.037 0.000
4.182 11.037 0.000
4.185 11.037 0.000
4.188 11.037 0.000
4.190 11.037 0.000
4.193 11.037 0.000
4.196 11.037 0.000
4.199 11.037 0.000
4.201 11.037 0.000
4.204 11.037 0.000
4.207 11.037 0.000
4.210 11.037 0.000
4.213 11.037 0.000
4.215 11.037 0.000
4.218 11.037 0.000
4.221 11.037 0.000
4.224 11.037 0.000
4.226 11.037 0.000
4.229 11.037 0.000
4.232 11.037 0.000
4.235 11.037 0.000
4.238 11.037 0.000
4.240 11.037 0.000
4.243 11.037 0.000
4.246 11.037 0.000
4.249 11.037 0.000
4.251 11.037 0.000
4.254 11.037 0.000
4.257 11.037 0.000
4.260 11.037 0.000
4.263 11.037 0.000
4.265 11.037 0.000
4.268 11.037 0.000
4.271 11.037 0.000
4.274 11.037 0.000
4.276 11.037 0.000
4.279 11.037 0.000
4.282 11.037 0.000
4.285 11.037 0.000
4.288 11.037 0.000
4.290 11.037 0.000
4.293 11.037 0.000
4.296 11.037 0.000
4.299 11.037 0.000
4.301 11.037 0.000
4.304 11.037 0.000
4.307 11.037 0.000
4.310 11.037 0.000
4.312 11.037 0.000
4.335 11.037 0.000
4.357 11.037 0.000
4.379 11.037 0.000
4.401 11.037 0.000
4.424 11.037 0.000
4.446 11.037 0.000
4.468 11.037 0.000
4.490 11.037 0.000
4.513 11.037 0.000
4.535 11.037 0.000
4.557 11.037 0.000
4.579 11.037 0.000
4.601 11.037 0.000
4.624 11.037 0.000
4.646 11.037 0.000
4.668 11.037 0.000
4.690 11.037 0.000
4.713 11.037 0.000
4.735 11.037 0.000
4.757 11.037 0.000
4.779 11.037 0.000
4.801 11.037 0.000
4.824 11.037 0.000
4.846 11.037 0.000
4.868 11.037 0.000
4.890 11.037 0.000
4.913 11.037 0.000
4.935 11.037 0.000
4.957 11.037 0.000
4.979 11.037 0.000
5.001 11.037 0.000
5.024 11.037 0.000
5.046 11.037 0.000
5.068 11.037 0.000
5.090 11.037 0.000
5.113 11.037 0.000
5.135 11.037 0.000
5.157 11.037 0.000
5.179 11.037 0.000
5.201 11.037 0.000
5.224 11.037 0.000
5.246 11.037 0.000
5.268 11.037 0.000
5.290 11.037 0.000
5.313 11.037 0.000
5.335 11.037 0.000
5.357 11.037 0.000
5.379 11.037 0.000
5.401 11.037 0.000
5.424 11.037 0.000
5.446 11.037 0.000
5.468 11.037 0.000
5.490 11.037 0.000
5.513 11.037 0.000
5.535 11.037 0.000
5.557 11.037 0.000
5.579 11.037 0.000
5.601 11.037 0.000
5.624 11.037 0.000
5.646 11.037 0.000
5.668 11.037 0.000
5.690 11.037 0.000
5.713 11.037 0.000
5.735 11.037 0.000
5.757 11.037 0.000
5.779 11.037 0.000
5.801 11.037 0.000
5.824 11.037 0.000
5.846 11.037 0.000
5.868 11.037 0.000
5.890 11.037 0.000
5.913 11.037 0.000
5.935 11.037 0.000
5.957 11.037 0.000
5.979 11.037 0.000
6.001 11.037 0.000
6.024 11.037 0.000
6.046 11.037 0.000
6.068 11.037 0.000
6.090 11.037 0.000
6.113 11.037 0.000
6.135 11.037 0.000
6.157 11.037 0.000
6.179 11.037 0.000
6.201 11.037 0.000
6.224 11.037 0.000
6.246 11.037 0.000
6.268 11.037 0.000
6.290 11.037 0.000
6.313 11.037 0.000
6.335 11.037 0.000
6.357 11.037 0.000
6.379 11.037 0.000
6.401 11.037 0.000
6.424 11.037 0.000
6.446 11.037 0.000
6.468 11.037 0.000
6.490 11.037 0.000
6.513 11.037 0.000
6.535 11.037 0.000
6.557 11.037 0.000
6.579 11.037 0.000
6.601 11.037 0.000
6.624 11.037 0.000
6.646 11.037 0.000
6.668 11.037 0.000
6.690 11.037 0.000
6.713 11.037 0.000
6.735 11.037 0.000
6.757 11.037 0.000
6.779 11.037 0.000
6.801 11.037 0.000
6.824 11.037 0.000
6.846 11.037 0.000
6.868 11.037 0.000
6.890 11.037 0.000
6.913 11.037 0.000
6.915 11.037 0.000
6.918 11.037 0.000
6.921 11.037 0.000
6.924 11.037 0.000
6.926 11.037 0.000
6.929 11.037 0.000
6.932 11.037 0.000
6.935 11.037 0.000
6.938 11.037 0.000
6.960 11.037 0.000
6.982 11.037 0.000
7.004 11.037 0.000
7.026 11.037 0.000
7.049 11.037 0.000
7.071 11.037 0.000
7.093 11.037 0.000
7.115 11.037 0.000
7.138 11.037 0.000
7.160 11.037 0.000
7.182 11.037 0.000
7.204 11.037 0.000
7.226 11.037 0.000
7.249 11.037 0.000
7.271 11.037 0.000
7.293 11.037 0.000
7.315 11.037 0.000
7.338 11.037 0.000
7.360 11.037 0.000
7.382 11.037 0.000
7.404 11.037 0.000
7.426 11.037 0.000
7.449 11.037 0.000
7.471 11.037 0.000
7.493 11.037 0.000
7.515 11.037 0.000
7.538 11.037 0.000
7.560 11.037 0.000
7.582 11.037 0.000
7.604 11.037 0.000
7.626 11.037 0.000
7.649 11.037 0.000
7.671 11.037 0.000
7.693 11.037 0.000
7.715 11.037 0.000
7.738 11.037 0.000
7.760 11.037 0.000
7.782 11.037 0.000
7.804 11.037 0.000
7.826 11.037 0.000
7.849 11.037 0.000
7.871 11.037 0.000
7.893 11.037 0.000
7.915 11.037 0.000
7.938 11.037 0.000
7.960 11.037 0.000
7.982 11.037 0.000
8.004 11.037 0.000
8.026 11.037 0.000
8.049 11.037 0.000
8.071 11.037 0.000
8.093 11.037 0.000
8.115 11.037 0.000
8.137 11.037 0.000
8.160 11.037 0.000
8.182 11.037 0.000
8.204 11.037 0.000
8.226 11.037 0.000
8.249 11.037 0.000
8.271 11.037 0.000
8.293 11.037 0.000
8.315 11.037 0.000
8.338 11.037 0.000
8.360 11.037 0.000
8.382 11.037 0.000
8.404 11.037 0.000
8.426 11.037 0.000
8.449 11.037 0.000
8.471 11.037 0.000
8.493 11.037 0.000
8.515 11.037 0.000
8.537 11.037 0.000
8.560 11.037 0.000
8.582 11.037 0.000
8.604 11.037 0.000
8.626 11.037 0.000
8.649 11.037 0.000
8.671 11.037 0.000
8.693 11.037 0.000
8.715 11.037 0.000
8.737 11.037 0.000
8.760 11.037 0.000
8.782 11.037 0.000
8.804 11.037 0.000
8.826 11.037 0.000
8.849 11.037 0.000
8.871 11.037 0.000
8.893 11.037 0.000
8.915 11.037 0.000
8.938 11.037 0.000
8.940 11.037 0.000
8.943 11.037 0.000
8.946 11.037 0.000
8.949 11.037 0.000
8.951 11.037 0.000
8.954 11.037 0.000
8.957 11.037 0.000
8.960 11.037 0.000
8.963 11.037 0.000
8.965 11.037 0.000
8.968 11.037 0.000
8.971 11.037 0.000
8.974 11.037 0.000
8.976 11.037 0.000
8.979 11.037 0.000
8.982 11.037 0.000
8.985 11.037 0.000
8.987 11.037 0.000
8.990 11.037 0.000
8.993 11.037 0.000
8.996 11.037 0.000
8.999 11.037 0.000
9.001 11.037 0.000
9.004 11.037 0.000
9.007 11.037 0.000
9.010 11.037 0.000
9.012 11.037 0.000
9.015 11.037 0.000
9.018 11.037 0.000
9.021 11.037 0.000
9.024 11.037 0.000
9.026 11.037 0.000
9.029 11.037 0.000
9.032 11.037 0.000
9.035 11.037 0.000
9.037 11.037 0.000
9.040 11.037 0.000
9.043 11.037 0.000
9.046 11.037 0.000
9.049 11.037 0.000
9.051 11.037 0.000
9.054 11.037 0.000
9.057 11.037 0.000
9.060 11.037 0.000
9.062 11.037 0.000
9.085 11.037 0.000
9.107 11.037 0.000
9.129 11.037 0.000
9.151 11.037 0.000
9.174 11.037 0.000
9.196 11.037 0.000
9.218 11.037 0.000
9.240 11.037 0.000
9.262 11.037 0.000
9.285 11.037 0.000
9.307 11.037 0.000
9.329 11.037 0.000
9.351 11.037 0.000
9.374 11.037 0.000
9.396 11.037 0.000
9.418 11.037 0.000
9.440 11.037 0.000
9.463 11.037 0.000
9.485 11.037 0.000
9.507 11.037 0.000
9.529 11.037 0.000
9.551 11.037 0.000
9.574 11.037 0.000
9.596 11.037 0.000
9.618 11.037 0.000
9.640 11.037 0.000
9.662 11.037 0.000
9.685 11.037 0.000
9.707 11.037 0.000
9.729 11.037 0.000
9.751 11.037 0.000
9.774 11.037 0.000
9.796 11.037 0.000
9.818 11.037 0.000
9.840 11.037 0.000
9.863 11.037 0.000
9.885 11.037 0.000
9.907 11.037 0.000
9.929 11.037 0.000
9.951 11.037 0.000
9.974 11.037 0.000
9.996 11.037 0.000
10.018 11.037 0.000
10.040 11.037 0.000
10.062 11.037 0.000
10.085 11.037 0.000
10.107 11.037 0.000
10.129 11.037 0.000
10.151 11.037 0.000
10.174 11.037 0.000
10.196 11.037 0.000
10.218 11.037 0.000
10.240 11.037 0.000
10.262 11.037 0.000
10.285 11.037 0.000
10.307 11.037 0.000
10.329 11.037 0.000
10.351 11.037 0.000
10.374 11.037 0.000
10.396 11.037 0.000
10.418 11.037 0.000
10.440 11.037 0.000
10.463 11.037 0.000
10.485 11.037 0.000
10.507 11.037 0.000
10.529 11.037 0.000
10.551 11.037 0.000
10.574 11.037 0.000
10.596 11.037 0.000
10.618 11.037 0.000
10.640 11.037 0.000
10.662 11.037 0.000
10.685 11.037 0.000
10.707 11.037 0.000
10.729 11.037 0.000
10.751 11.037 0.000
10.774 11.037 0.000
10.796 11.037 0.000
10.818 11.037 0.000
10.840 11.037 0.000
10.863 11.037 0.000
10.885 11.037 0.000
10.907 11.037 0.000
10.929 11.037 0.000
10.951 11.037 0.000
10.974 11.037 0.000
10.996 11.037 0.000
11.018 11.037 0.000
11.040 11.037 0.000
11.062 11.037 0.000
11.085 11.037 0.000
11.107 11.037 0.000
11.129 11.037 0.000
11.151 11.037 0.000
11.174 11.037 0.000
11.196 11.037 0.000
11.218 11.037 0.000
11.240 11.037 0.000
11.262 11.037 0.000
11.285 11.037 0.000
11.307 11.037 0.000
11.329 11.037 0.000
11.351 11.037 0.000
11.374 11.037 0.000
11.396 11.037 0.000
11.418 11.037 0.000
11.440 11.037 0.000
11.463 11.037 0.000
11.485 11.037 0.000
11.507 11.037 0.000
11.529 11.037 0.000
11.551 11.037 0.000
11.574 11.037 0.000
11.596 11.037 0.000
11.618 11.037 0.000
11.640 11.037 0.000
11.662 11.037 0.000
11.685 11.037 0.000
11.708 11.037 0.000
11.730 11.037 0.000
11.753 11.038 0.049
11.775 11.040 0.118
11.798 11.043 0.186
11.820 11.048 0.255
11.841 11.055 0.324
11.863 11.062 0.393
11.868 11.065 0.393
11.874 11.068 0.393
11.879 11.071 0.393
11.885 11.074 0.393
11.890 11.076 0.393
11.896 11.079 0.393
11.901 11.082 0.393
11.907 11.085 0.393
11.912 11.088 0.393
11.918 11.090 0.393
11.924 11.093 0.393
11.929 11.096 0.393
11.935 11.099 0.393
11.940 11.101 0.393
11.946 11.104 0.393
11.951 11.107 0.393
11.957 11.110 0.393
11.963 11.113 0.393
11.979 11.121 0.393
11.996 11.129 0.393
12.013 11.138 0.393
12.029 11.146 0.393
12.046 11.154 0.393
12.062 11.163 0.393
12.079 11.171 0.393
12.096 11.179 0.393
12.113 11.188 0.393
12.129 11.196 0.393
12.146 11.204 0.393
12.163 11.213 0.393
12.179 11.221 0.393
12.196 11.229 0.393
12.213 11.238 0.393
12.229 11.246 0.393
12.246 11.254 0.393
12.262 11.262 0.393
12.279 11.271 0.393
12.296 11.279 0.393
12.312 11.287 0.393
12.329 11.296 0.393
12.346 11.304 0.393
12.362 11.312 0.393
12.379 11.321 0.393
12.396 11.329 0.393
12.412 11.338 0.393
12.429 11.346 0.393
12.446 11.354 0.393
12.463 11.363 0.393
12.479 11.371 0.393
12.496 11.379 0.393
12.512 11.388 0.393
12.529 11.396 0.393
12.546 11.404 0.393
12.562 11.412 0.393
12.579 11.421 0.393
12.596 11.429 0.393
12.613 11.438 0.393
12.629 11.446 0.393
12.646 11.454 0.393
12.662 11.463 0.393
12.679 11.471 0.393
12.696 11.479 0.393
12.713 11.488 0.393
12.727 11.497 0.423
12.742 11.506 0.453
12.757 11.517 0.484
12.771 11.527 0.514
12.785 11.538 0.544
12.798 11.550 0.575
12.812 11.562 0.605
12.825 11.575 0.635
12.838 11.588 0.785
12.854 11.604 0.785
12.871 11.622 0.815
12.888 11.640 0.867
12.903 11.658 0.919
12.917 11.678 0.971
12.930 11.698 1.022
12.942 11.719 1.074
12.953 11.741 1.126
12.963 11.762 1.178
12.965 11.768 1.178
12.968 11.774 1.178
12.971 11.779 1.178
12.974 11.785 1.178
12.976 11.790 1.178
12.979 11.796 1.178
12.982 11.801 1.178
12.985 11.807 1.178
12.988 11.812 1.178
12.996 11.829 1.178
13.004 11.846 1.178
13.013 11.863 1.178
13.021 11.879 1.178
13.029 11.896 1.178
13.038 11.912 1.178
13.046 11.929 1.178
13.054 11.946 1.178
13.062 11.963 1.178
13.070 11.981 1.178
13.078 12.000 1.178
13.086 12.019 1.178
13.094 12.038 1.197
13.100 12.057 1.272
13.106 12.077 1.347
13.110 12.097 1.421
13.112 12.117 1.496
13.113 12.137 1.571
13.113 12.140 1.571
13.113 12.143 1.571
13.113 12.146 1.571
13.113 12.149 1.571
13.113 12.151 1.571
13.113 12.154 1.571
13.113 12.157 1.571
13.113 12.160 1.571
13.113 12.162 1.571
13.113 12.185 1.571
13.113 12.207 1.571
13.113 12.229 1.571
13.113 12.251 1.571
13.113 12.274 1.571
13.113 12.296 1.571
13.113 12.318 1.571
13.113 12.340 1.571
13.113 12.363 1.571
13.113 12.385 1.571
13.113 12.407 1.571
13.113 12.429 1.571
13.113 12.451 1.571
13.113 12.474 1.571
13.113 12.496 1.571
13.113 12.518 1.571
13.113 12.540 1.571
13.113 12.562 1.571
13.113 12.585 1.571
13.113 12.607 1.571
13.113 12.629 1.571
13.113 12.651 1.571
13.113 12.674 1.571
13.113 12.696 1.571
13.113 12.718 1.571
13.113 12.740 1.571
13.113 12.762 1.571
13.113 12.785 1.571
13.113 12.807 1.571
13.113 12.829 1.571
13.113 12.851 1.571
13.113 12.874 1.571
13.113 12.896 1.571
13.113 12.918 1.571
13.113 12.940 1.571
13.113 12.963 1.571
13.113 12.985 1.571
13.113 13.007 1.571
13.113 13.029 1.571
13.113 13.051 1.571
13.113 13.074 1.571
13.113 13.096 1.571
13.113 13.118 1.571
13.113 13.140 1.571
13.113 13.162 1.571
13.113 13.185 1.571
13.113 13.208 1.571
13.113 13.230 1.571
13.113 13.253 1.522
13.115 13.275 1.453
13.118 13.298 1.384
13.123 13.320 1.316
13.130 13.341 1.247
13.137 13.363 1.178
13.146 13.379 1.178
13.154 13.396 1.178
13.162 13.413 1.178
13.171 13.429 1.178
13.179 13.446 1.178
13.188 13.463 1.178
13.196 13.479 1.178
13.204 13.496 1.178
13.213 13.512 1.178
13.221 13.529 1.178
13.229 13.546 1.178
13.238 13.562 1.178
13.246 13.579 1.178
13.254 13.596 1.178
13.263 13.612 1.178
13.271 13.629 1.178
13.279 13.646 1.178
13.287 13.662 1.178
13.296 13.679 1.178
13.304 13.696 1.178
13.312 13.713 1.178
13.321 13.729 1.178
13.329 13.746 1.178
13.338 13.762 1.178
13.346 13.779 1.178
13.354 13.796 1.178
13.363 13.812 1.178
13.371 13.829 1.178
13.379 13.846 1.178
13.388 13.863 1.178
13.396 13.879 1.178
13.404 13.896 1.178
13.413 13.912 1.178
13.421 13.929 1.178
13.429 13.946 1.178
13.438 13.963 1.178
13.446 13.979 1.178
13.454 13.996 1.178
13.463 14.013 1.178
13.471 14.029 1.178
13.479 14.046 1.178
13.488 14.062 1.178
13.496 14.079 1.178
13.504 14.096 1.178
13.512 14.113 1.178
13.521 14.129 1.178
13.529 14.146 1.178
13.537 14.163 1.178
13.546 14.179 1.178
13.554 14.196 1.178
13.562 14.213 1.178
13.571 14.229 1.178
13.579 14.246 1.178
13.588 14.262 1.178
13.595 14.281 1.178
13.603 14.300 1.178
13.611 14.319 1.178
13.619 14.338 1.197
13.625 14.357 1.272
13.631 14.377 1.347
13.635 14.397 1.421
13.637 14.417 1.496
13.637 14.438 1.571
13.637 14.440 1.571
13.637 14.443 1.571
13.637 14.446 1.571
13.637 14.449 1.571
13.637 14.451 1.571
13.637 14.454 1.571
13.637 14.457 1.571
13.637 14.460 1.571
13.637 14.463 1.571
13.637 14.465 1.571
13.637 14.468 1.571
13.637 14.471 1.571
13.637 14.474 1.571
13.637 14.476 1.571
13.637 14.479 1.571
13.637 14.482 1.571
13.637 14.485 1.571
13.637 14.488 1.571
13.637 14.490 1.571
13.637 14.493 1.571
13.637 14.496 1.571
13.637 14.499 1.571
13.637 14.501 1.571
13.637 14.504 1.571
13.637 14.507 1.571
13.637 14.510 1.571
13.637 14.512 1.571
13.637 14.515 1.571
13.637 14.518 1.571
13.637 14.521 1.571
13.637 14.524 1.571
13.637 14.526 1.571
13.637 14.529 1.571
13.637 14.532 1.571
13.637 14.535 1.571
13.637 14.537 1.571
13.637 14.540 1.571
13.637 14.543 1.571
13.637 14.546 1.571
13.637 14.549 1.571
13.637 14.551 1.571
13.637 14.554 1.571
13.637 14.557 1.571
13.637 14.560 1.571
13.637 14.562 1.571
13.637 14.585 1.571
13.637 14.607 1.571
13.637 14.629 1.571
13.637 14.651 1.571
13.637 14.674 1.571
13.637 14.696 1.571
13.637 14.718 1.571
13.637 14.740 1.571
13.637 14.762 1.571
13.637 14.785 1.571
13.637 14.807 1.571
13.637 14.829 1.571
13.637 14.851 1.571
13.637 14.874 1.571
13.637 14.896 1.571
13.637 14.918 1.571
13.637 14.940 1.571
13.637 14.963 1.571
13.637 14.985 1.571
13.637 15.007 1.571
13.637 15.029 1.571
13.637 15.051 1.571
13.637 15.074 1.571
13.637 15.096 1.571
13.637 15.118 1.571
13.637 15.140 1.571
13.637 15.162 1.571
13.637 15.185 1.571
13.637 15.207 1.571
13.637 15.229 1.571
13.637 15.251 1.571
13.637 15.274 1.571
13.637 15.296 1.571
13.637 15.318 1.571
13.637 15.340 1.571
13.637 15.363 1.571
13.637 15.385 1.571
13.637 15.407 1.571
13.637 15.429 1.571
13.637 15.451 1.571
13.637 15.474 1.571
13.637 15.496 1.571
13.637 15.518 1.571
13.637 15.540 1.571
13.637 15.562 1.571
13.637 15.585 1.571
13.637 15.607 1.571
13.637 15.629 1.571
13.637 15.651 1.571
13.637 15.674 1.571
13.637 15.696 1.571
13.637 15.718 1.571
13.637 15.740 1.571
13.637 15.762 1.571
13.637 15.785 1.571
13.637 15.807 1.571
13.637 15.829 1.571
13.637 15.851 1.571
13.637 15.874 1.571
13.637 15.896 1.571
13.637 15.918 1.571
13.637 15.940 1.571
13.637 15.963 1.571
13.637 15.985 1.571
13.637 16.007 1.571
13.637 16.029 1.571
13.637 16.051 1.571
13.637 16.074 1.571
13.637 16.096 1.571
13.637 16.118 1.571
13.637 16.140 1.571
13.637 16.163 1.571
13.637 16.185 1.571
13.637 16.207 1.571
13.637 16.229 1.571
13.637 16.251 1.571
13.637 16.274 1.571
13.637 16.296 1.571
13.637 16.318 1.571
13.637 16.340 1.571
13.637 16.363 1.571
13.637 16.385 1.571
13.637 16.407 1.571
13.637 16.429 1.571
13.637 16.451 1.571
13.637 16.474 1.571
13.637 16.496 1.571
13.637 16.518 1.571
13.637 16.540 1.571
13.637 16.562 1.571
13.637 16.585 1.571
13.637 16.607 1.571
13.637 16.629 1.571
13.637 16.651 1.571
13.637 16.674 1.571
13.637 16.696 1.571
13.637 16.718 1.571
13.637 16.740 1.571
13.637 16.762 1.571
13.637 16.785 1.571
13.637 16.808 1.571
13.637 16.830 1.571
13.637 16.853 1.620
13.635 16.875 1.688
13.632 16.898 1.757
13.627 16.920 1.826
13.620 16.941 1.895
13.613 16.962 1.964
13.604 16.979 1.964
13.596 16.996 1.964
13.588 17.012 1.964
13.579 17.029 1.964
13.571 17.046 1.964
13.562 17.062 1.964
13.554 17.079 1.964
13.546 17.096 1.964
13.537 17.113 1.964
13.529 17.129 1.964
13.521 17.146 1.964
13.512 17.163 1.964
13.504 17.179 1.964
13.496 17.196 1.964
13.487 17.213 1.964
13.479 17.229 1.964
13.471 17.246 1.964
13.463 17.262 1.964
13.454 17.279 1.964
13.446 17.296 1.964
13.438 17.312 1.964
13.429 17.329 1.964
13.421 17.346 1.964
13.412 17.363 1.964
13.404 17.379 1.964
13.396 17.396 1.964
13.387 17.413 1.964
13.380 17.431 1.964
13.372 17.450 1.964
13.364 17.469 1.964
13.356 17.488 1.944
13.350 17.507 1.870
13.344 17.527 1.795
13.340 17.547 1.720
13.338 17.567 1.645
13.338 17.587 1.571
13.338 17.590 1.571
13.338 17.593 1.571
13.338 17.596 1.571
13.338 17.599 1.571
13.338 17.601 1.571
13.338 17.604 1.571
13.338 17.607 1.571
13.338 17.610 1.571
13.338 17.613 1.571
13.338 17.615 1.571
13.338 17.618 1.571
13.338 17.621 1.571
13.338 17.624 1.571
13.338 17.626 1.571
13.338 17.629 1.571
13.338 17.632 1.571
13.338 17.635 1.571
13.338 17.637 1.571
13.338 17.640 1.571
13.338 17.643 1.571
13.338 17.646 1.571
13.338 17.649 1.571
13.338 17.651 1.571
13.338 17.654 1.571
13.338 17.657 1.571
13.338 17.660 1.571
13.338 17.663 1.571
13.338 17.665 1.571
13.338 17.668 1.571
13.338 17.671 1.571
13.338 17.674 1.571
13.338 17.676 1.571
13.338 17.679 1.571
13.338 17.682 1.571
13.338 17.685 1.571
13.338 17.688 1.571
13.338 17.690 1.571
13.338 17.693 1.571
13.338 17.696 1.571
13.338 17.699 1.571
13.338 17.701 1.571
13.338 17.704 1.571
13.338 17.707 1.571
13.338 17.710 1.571
13.338 17.712 1.571
13.338 17.735 1.571
13.338 17.757 1.571
13.338 17.779 1.571
13.338 17.801 1.571
13.338 17.824 1.571
13.338 17.846 1.571
13.338 17.868 1.571
13.338 17.890 1.571
13.338 17.913 1.571
13.338 17.935 1.571
13.338 17.957 1.571
13.338 17.979 1.571
13.338 18.001 1.571
13.338 18.024 1.571
13.338 18.046 1.571
13.338 18.068 1.571
13.338 18.090 1.571
13.338 18.113 1.571
13.338 18.135 1.571
13.338 18.157 1.571
13.338 18.179 1.571
13.338 18.201 1.571
13.338 18.224 1.571
13.338 18.246 1.571
13.338 18.268 1.571
13.338 18.290 1.571
13.338 18.312 1.571
13.338 18.335 1.571
13.338 18.357 1.571
13.338 18.379 1.571
13.338 18.401 1.571
13.338 18.424 1.571
13.338 18.446 1.571
13.338 18.468 1.571
13.338 18.490 1.571
13.338 18.512 1.571
13.338 18.535 1.571
13.338 18.557 1.571
13.338 18.579 1.571
13.338 18.601 1.571
13.338 18.624 1.571
13.338 18.646 1.571
13.338 18.668 1.571
13.338 18.690 1.571
13.338 18.712 1.571
13.338 18.735 1.571
13.338 18.757 1.571
13.338 18.779 1.571
13.338 18.801 1.571
13.338 18.824 1.571
13.338 18.846 1.571
13.338 18.868 1.571
13.338 18.890 1.571
13.338 18.913 1.571
13.338 18.935 1.571
13.338 18.957 1.571
13.338 18.979 1.571
13.338 19.001 1.571
13.338 19.024 1.571
13.338 19.046 1.571
13.338 19.068 1.571
13.338 19.090 1.571
13.338 19.113 1.571
13.338 19.135 1.571
13.338 19.157 1.571
13.338 19.179 1.571
13.338 19.201 1.571
13.338 19.224 1.571
13.338 19.246 1.571
13.338 19.268 1.571
13.338 19.290 1.571
13.338 19.312 1.571
13.338 19.335 1.571
13.338 19.357 1.571
13.338 19.379 1.571
13.338 19.401 1.571
13.338 19.424 1.571
13.338 19.446 1.571
13.338 19.468 1.571
13.338 19.490 1.571
13.338 19.512 1.571
13.338 19.535 1.571
13.338 19.557 1.571
13.338 19.579 1.571
13.338 19.601 1.571
13.338 19.624 1.571
13.338 19.646 1.571
13.338 19.668 1.571
13.338 19.690 1.571
13.338 19.713 1.571
13.338 19.735 1.571
13.338 19.758 1.571
13.338 19.780 1.571
13.338 19.803 1.522
13.340 19.825 1.453
13.343 19.848 1.384
13.348 19.870 1.316
13.355 19.891 1.247
13.363 19.913 1.178
13.365 19.918 1.178
13.368 19.924 1.178
13.371 19.929 1.178
13.374 19.935 1.178
13.376 19.940 1.178
13.379 19.946 1.178
13.382 19.951 1.178
13.385 19.957 1.178
13.387 19.963 1.178
13.390 19.968 1.178
13.393 19.974 1.178
13.396 19.979 1.178
13.399 19.985 1.178
13.401 19.990 1.178
13.404 19.996 1.178
13.407 20.001 1.178
13.410 20.007 1.178
13.412 20.012 1.178
13.421 20.029 1.178
13.429 20.046 1.178
13.438 20.062 1.178
13.446 20.079 1.178
13.454 20.096 1.178
13.463 20.113 1.178
13.471 20.129 1.178
13.479 20.146 1.178
13.488 20.163 1.178
13.496 20.179 1.178
13.504 20.196 1.178
13.513 20.213 1.178
13.521 20.229 1.178
13.529 20.246 1.178
13.538 20.263 1.178
13.546 20.279 1.178
13.554 20.296 1.178
13.562 20.312 1.178
13.571 20.329 1.178
13.579 20.346 1.178
13.588 20.363 1.178
13.596 20.379 1.178
13.604 20.396 1.178
13.613 20.413 1.178
13.621 20.429 1.178
13.629 20.446 1.178
13.637 20.463 1.178
13.646 20.479 1.178
13.654 20.496 1.178
13.662 20.513 1.178
13.671 20.529 1.178
13.679 20.546 1.178
13.688 20.563 1.178
13.696 20.579 1.178
13.704 20.596 1.178
13.713 20.613 1.178
13.721 20.629 1.178
13.729 20.646 1.178
13.738 20.663 1.178
13.746 20.679 1.178
13.754 20.696 1.178
13.763 20.713 1.178
13.771 20.729 1.178
13.779 20.746 1.178
13.787 20.762 1.178
13.796 20.779 1.178
13.804 20.796 1.178
13.812 20.812 1.178
13.821 20.829 1.178
13.829 20.846 1.178
13.838 20.863 1.178
13.846 20.879 1.178
13.854 20.896 1.178
13.863 20.913 1.178
13.871 20.929 1.178
13.879 20.946 1.178
13.888 20.963 1.178
13.896 20.979 1.178
13.904 20.996 1.178
13.913 21.013 1.178
13.921 21.029 1.178
13.929 21.046 1.178
13.938 21.062 1.178
13.946 21.079 1.178
13.954 21.096 1.178
13.963 21.113 1.178
13.971 21.129 1.178
13.979 21.146 1.178
13.988 21.163 1.178
13.996 21.179 1.178
14.004 21.196 1.178
14.012 21.213 1.178
14.021 21.229 1.178
14.029 21.246 1.178
14.037 21.263 1.178
14.046 21.279 1.178
14.054 21.296 1.178
14.062 21.313 1.178
14.071 21.329 1.178
14.079 21.346 1.178
14.088 21.363 1.178
14.096 21.379 1.178
14.104 21.396 1.178
14.113 21.413 1.178
14.121 21.429 1.178
14.129 21.446 1.178
14.138 21.463 1.178
14.146 21.479 1.178
14.154 21.496 1.178
14.162 21.512 1.178
14.171 21.529 1.178
14.179 21.546 1.178
14.188 21.562 1.178
14.196 21.579 1.178
14.204 21.596 1.178
14.213 21.613 1.178
14.221 21.629 1.178
14.229 21.646 1.178
14.238 21.663 1.178
14.240 21.668 1.178
14.243 21.674 1.178
14.246 21.679 1.178
14.249 21.685 1.178
14.251 21.690 1.178
14.254 21.696 1.178
14.257 21.701 1.178
14.260 21.707 1.178
14.262 21.713 1.178
14.265 21.718 1.178
14.268 21.724 1.178
14.271 21.729 1.178
14.274 21.735 1.178
14.276 21.740 1.178
14.279 21.746 1.178
14.282 21.751 1.178
14.285 21.757 1.178
14.287 21.762 1.178
14.290 21.768 1.178
14.293 21.774 1.178
14.296 21.779 1.178
14.299 21.785 1.178
14.301 21.790 1.178
14.304 21.796 1.178
14.307 21.801 1.178
14.310 21.807 1.178
14.312 21.812 1.178
14.315 21.818 1.178
14.318 21.824 1.178
14.321 21.829 1.178
14.324 21.835 1.178
14.326 21.840 1.178
14.329 21.846 1.178
14.332 21.851 1.178
14.335 21.857 1.178
14.338 21.863 1.178
14.346 21.879 1.178
14.354 21.896 1.178
14.363 21.913 1.178
14.371 21.929 1.178
14.379 21.946 1.178
14.388 21.963 1.178
14.396 21.979 1.178
14.404 21.996 1.178
14.412 22.012 1.178
14.421 22.029 1.178
14.429 22.046 1.178
14.438 22.062 1.178
14.446 22.079 1.178
14.454 22.096 1.178
14.463 22.113 1.178
14.471 22.129 1.178
14.479 22.146 1.178
14.488 22.163 1.178
14.496 22.179 1.178
14.504 22.196 1.178
14.513 22.213 1.178
14.521 22.229 1.178
14.529 22.246 1.178
14.538 22.263 1.178
14.546 22.279 1.178
14.554 22.296 1.178
14.562 22.312 1.178
14.571 22.329 1.178
14.579 22.346 1.178
14.588 22.363 1.178
14.596 22.379 1.178
14.604 22.396 1.178
14.613 22.413 1.178
14.621 22.429 1.178
14.629 22.446 1.178
14.637 22.463 1.178
14.646 22.479 1.178
14.654 22.496 1.178
14.662 22.513 1.178
14.671 22.529 1.178
14.679 22.546 1.178
14.688 22.563 1.178
14.696 22.579 1.178
14.704 22.596 1.178
14.713 22.613 1.178
14.721 22.629 1.178
14.729 22.646 1.178
14.738 22.663 1.178
14.746 22.679 1.178
14.754 22.696 1.178
14.763 22.713 1.178
14.771 22.729 1.178
14.779 22.746 1.178
14.787 22.762 1.178
14.796 22.779 1.178
14.804 22.796 1.178
14.812 22.812 1.178
14.821 22.829 1.178
14.829 22.846 1.178
14.838 22.863 1.178
14.846 22.879 1.178
14.854 22.896 1.178
14.863 22.913 1.178
14.871 22.929 1.178
14.879 22.946 1.178
14.888 22.963 1.178
14.896 22.979 1.178
14.904 22.996 1.178
14.913 23.013 1.178
14.921 23.029 1.178
14.929 23.046 1.178
14.938 23.062 1.178
14.940 23.068 1.178
14.943 23.074 1.178
14.946 23.079 1.178
14.949 23.085 1.178
14.951 23.090 1.178
14.954 23.096 1.178
14.957 23.101 1.178
14.960 23.107 1.178
14.963 23.113 1.178
14.971 23.129 1.178
14.979 23.146 1.178
14.988 23.163 1.178
14.996 23.179 1.178
15.004 23.196 1.178
15.013 23.213 1.178
15.021 23.229 1.178
15.029 23.246 1.178
15.037 23.262 1.178
15.046 23.279 1.178
15.054 23.296 1.178
15.062 23.312 1.178
15.071 23.329 1.178
15.079 23.346 1.178
15.088 23.363 1.178
15.096 23.379 1.178
15.104 23.396 1.178
15.113 23.413 1.178
15.121 23.429 1.178
15.129 23.446 1.178
15.138 23.463 1.178
15.146 23.479 1.178
15.154 23.496 1.178
15.163 23.513 1.178
15.171 23.529 1.178
15.179 23.546 1.178
15.188 23.562 1.178
15.196 23.579 1.178
15.204 23.596 1.178
15.213 23.613 1.178
15.221 23.629 1.178
15.229 23.646 1.178
15.238 23.663 1.178
15.246 23.679 1.178
15.254 23.696 1.178
15.262 23.713 1.178
15.271 23.729 1.178
15.279 23.746 1.178
15.287 23.763 1.178
15.296 23.779 1.178
15.304 23.796 1.178
15.312 23.813 1.178
15.321 23.829 1.178
15.329 23.846 1.178
15.338 23.863 1.178
15.346 23.879 1.178
15.354 23.896 1.178
15.363 23.913 1.178
15.371 23.929 1.178
15.379 23.946 1.178
15.388 23.963 1.178
15.396 23.979 1.178
15.404 23.996 1.178
15.412 24.012 1.178
15.421 24.029 1.178
15.429 24.046 1.178
15.438 24.062 1.178
15.446 24.079 1.178
15.454 24.096 1.178
15.463 24.113 1.178
15.471 24.129 1.178
15.479 24.146 1.178
15.488 24.163 1.178
15.496 24.179 1.178
15.504 24.196 1.178
15.513 24.213 1.178
15.521 24.229 1.178
15.529 24.246 1.178
15.538 24.263 1.178
15.546 24.279 1.178
15.554 24.296 1.178
15.562 24.312 1.178
15.571 24.329 1.178
15.579 24.346 1.178
15.588 24.363 1.178
15.596 24.379 1.178
15.604 24.396 1.178
15.613 24.413 1.178
15.621 24.429 1.178
15.629 24.446 1.178
15.637 24.463 1.178
15.646 24.479 1.178
15.654 24.496 1.178
15.662 24.513 1.178
15.671 24.529 1.178
15.679 24.546 1.178
15.688 24.563 1.178
15.696 24.579 1.178
15.704 24.596 1.178
15.713 24.613 1.178
15.721 24.629 1.178
15.729 24.646 1.178
15.738 24.663 1.178
15.746 24.679 1.178
15.754 24.696 1.178
15.763 24.713 1.178
15.771 24.729 1.178
15.779 24.746 1.178
15.787 24.762 1.178
15.796 24.779 1.178
15.804 24.796 1.178
15.812 24.812 1.178
15.821 24.829 1.178
15.829 24.846 1.178
15.838 24.863 1.178
15.846 24.879 1.178
15.854 24.896 1.178
15.863 24.913 1.178
15.871 24.929 1.178
15.879 24.946 1.178
15.888 24.963 1.178
15.896 24.979 1.178
15.904 24.996 1.178
15.913 25.013 1.178
15.921 25.029 1.178
15.929 25.046 1.178
15.938 25.062 1.178
15.946 25.079 1.178
15.954 25.096 1.178
15.963 25.113 1.178
15.971 25.129 1.178
15.979 25.146 1.178
15.988 25.163 1.178
15.996 25.179 1.178
16.004 25.196 1.178
16.012 25.213 1.178
16.021 25.229 1.178
16.029 25.246 1.178
16.037 25.263 1.178
16.046 25.279 1.178
16.054 25.296 1.178
16.062 25.313 1.178
16.071 25.329 1.178
16.079 25.346 1.178
16.087 25.363 1.178
16.096 25.379 1.178
16.104 25.396 1.178
16.112 25.413 1.178
16.121 25.429 1.178
16.129 25.446 1.178
16.137 25.463 1.178
16.146 25.479 1.178
16.154 25.496 1.178
16.163 25.512 1.178
16.171 25.529 1.178
16.179 25.546 1.178
16.188 25.562 1.178
16.196 25.579 1.178
16.204 25.596 1.178
16.213 25.613 1.178
16.221 25.629 1.178
16.229 25.646 1.178
16.238 25.663 1.178
16.246 25.679 1.178
16.254 25.696 1.178
16.262 25.713 1.178
16.271 25.729 1.178
16.279 25.746 1.178
16.288 25.763 1.178
16.296 25.779 1.178
16.304 25.796 1.178
16.312 25.812 1.178
16.320 25.831 1.178
16.328 25.850 1.178
16.336 25.869 1.178
16.344 25.888 1.197
16.350 25.907 1.272
16.356 25.927 1.347
16.360 25.947 1.421
16.362 25.967 1.496
16.363 25.988 1.571
16.363 25.990 1.571
16.363 25.993 1.571
16.363 25.996 1.571
16.363 25.999 1.571
16.363 26.001 1.571
16.363 26.004 1.571
16.363 26.007 1.571
16.363 26.010 1.571
16.363 26.012 1.571
16.363 26.035 1.571
16.363 26.057 1.571
16.363 26.079 1.571
16.363 26.101 1.571
16.363 26.124 1.571
16.363 26.146 1.571
16.363 26.168 1.571
16.363 26.190 1.571
16.363 26.213 1.571
16.363 26.235 1.571
16.363 26.257 1.571
16.363 26.279 1.571
16.363 26.301 1.571
16.363 26.324 1.571
16.363 26.346 1.571
16.363 26.368 1.571
16.363 26.390 1.571
16.363 26.413 1.571
16.363 26.435 1.571
16.363 26.457 1.571
16.363 26.479 1.571
16.363 26.501 1.571
16.363 26.524 1.571
16.363 26.546 1.571
16.363 26.568 1.571
16.363 26.590 1.571
16.363 26.613 1.571
16.363 26.635 1.571
16.363 26.657 1.571
16.363 26.679 1.571
16.363 26.701 1.571
16.363 26.724 1.571
16.363 26.746 1.571
16.363 26.768 1.571
16.363 26.790 1.571
16.363 26.812 1.571
16.363 26.835 1.571
16.363 26.857 1.571
16.363 26.879 1.571
16.363 26.901 1.571
16.363 26.924 1.571
16.363 26.946 1.571
16.363 26.968 1.571
16.363 26.990 1.571
16.363 27.012 1.571
16.363 27.035 1.571
16.363 27.057 1.571
16.363 27.079 1.571
16.363 27.101 1.571
16.363 27.124 1.571
16.363 27.146 1.571
16.363 27.168 1.571
16.363 27.190 1.571
16.363 27.213 1.571
16.363 27.235 1.571
16.363 27.257 1.571
16.363 27.279 1.571
16.363 27.301 1.571
16.363 27.324 1.571
16.363 27.346 1.571
16.363 27.368 1.571
16.363 27.390 1.571
16.363 27.413 1.571
16.363 27.435 1.571
16.363 27.457 1.571
16.363 27.479 1.571
16.363 27.501 1.571
16.363 27.524 1.571
16.363 27.546 1.571
16.363 27.568 1.571
16.363 27.590 1.571
16.363 27.613 1.571
16.363 27.635 1.571
16.363 27.657 1.571
16.363 27.679 1.571
16.363 27.701 1.571
16.363 27.724 1.571
16.363 27.746 1.571
16.363 27.768 1.571
16.363 27.790 1.571
16.363 27.812 1.571
16.363 27.835 1.571
16.363 27.857 1.571
16.363 27.879 1.571
16.363 27.901 1.571
16.363 27.924 1.571
16.363 27.946 1.571
16.363 27.968 1.571
16.363 27.990 1.571
16.363 28.012 1.571
16.363 28.035 1.571
16.363 28.057 1.571
16.363 28.079 1.571
16.363 28.101 1.571
16.363 28.124 1.571
16.363 28.146 1.571
16.363 28.168 1.571
16.363 28.190 1.571
16.363 28.213 1.571
16.363 28.215 1.571
16.363 28.218 1.571
16.363 28.221 1.571
16.363 28.224 1.571
16.363 28.226 1.571
16.363 28.229 1.571
16.363 28.232 1.571
16.363 28.235 1.571
16.363 28.238 1.571
16.363 28.260 1.571
16.363 28.282 1.571
16.363 28.304 1.571
16.363 28.326 1.571
16.363 28.349 1.571
16.363 28.371 1.571
16.363 28.393 1.571
16.363 28.415 1.571
16.363 28.438 1.571
16.363 28.460 1.571
16.363 28.482 1.571
16.363 28.504 1.571
16.363 28.526 1.571
16.363 28.549 1.571
16.363 28.571 1.571
16.363 28.593 1.571
16.363 28.615 1.571
16.363 28.637 1.571
16.363 28.660 1.571
16.363 28.683 1.571
16.363 28.705 1.571
16.363 28.728 1.522
16.365 28.750 1.453
16.368 28.773 1.384
16.373 28.795 1.316
16.380 28.816 1.247
16.387 28.838 1.178
16.390 28.843 1.178
16.393 28.849 1.178
16.396 28.854 1.178
16.399 28.860 1.178
16.401 28.865 1.178
16.404 28.871 1.178
16.407 28.876 1.178
16.410 28.882 1.178
16.413 28.887 1.178
16.415 28.893 1.178
16.418 28.899 1.178
16.421 28.904 1.178
16.424 28.910 1.178
16.426 28.915 1.178
16.429 28.921 1.178
16.432 28.926 1.178
16.435 28.932 1.178
16.438 28.938 1.178
16.446 28.954 1.178
16.454 28.971 1.178
16.462 28.988 1.178
16.471 29.004 1.178
16.479 29.021 1.178
16.488 29.038 1.178
16.496 29.054 1.178
16.504 29.071 1.178
16.512 29.088 1.178
16.521 29.104 1.178
16.529 29.121 1.178
16.537 29.138 1.178
16.546 29.154 1.178
16.554 29.171 1.178
16.562 29.188 1.178
16.571 29.204 1.178
16.579 29.221 1.178
16.587 29.238 1.178
16.596 29.254 1.178
16.604 29.271 1.178
16.612 29.288 1.178
16.621 29.304 1.178
16.629 29.321 1.178
16.637 29.338 1.178
16.646 29.354 1.178
16.654 29.371 1.178
16.663 29.387 1.178
16.671 29.404 1.178
16.679 29.421 1.178
16.688 29.438 1.178
16.696 29.454 1.178
16.704 29.471 1.178
16.713 29.488 1.178
16.721 29.504 1.178
16.729 29.521 1.178
16.738 29.538 1.178
16.746 29.554 1.178
16.754 29.571 1.178
16.762 29.588 1.178
16.771 29.604 1.178
16.779 29.621 1.178
16.788 29.638 1.178
16.796 29.654 1.178
16.804 29.671 1.178
16.812 29.688 1.178
16.821 29.704 1.178
16.829 29.721 1.178
16.837 29.738 1.178
16.846 29.754 1.178
16.854 29.771 1.178
16.863 29.788 1.178
16.871 29.804 1.178
16.879 29.821 1.178
16.887 29.838 1.178
16.896 29.854 1.178
16.904 29.871 1.178
16.912 29.888 1.178
16.921 29.904 1.178
16.929 29.921 1.178
16.938 29.938 1.178
16.946 29.954 1.178
16.954 29.971 1.178
16.962 29.988 1.178
16.971 30.004 1.178
16.979 30.021 1.178
16.987 30.038 1.178
16.996 30.054 1.178
17.004 30.071 1.178
17.012 30.088 1.178
17.021 30.104 1.178
17.029 30.121 1.178
17.038 30.137 1.178
17.046 30.154 1.178
17.054 30.171 1.178
17.062 30.188 1.178
17.071 30.204 1.178
17.079 30.221 1.178
17.088 30.238 1.178
17.096 30.254 1.178
17.104 30.271 1.178
17.113 30.288 1.178
17.121 30.304 1.178
17.129 30.321 1.178
17.137 30.338 1.178
17.146 30.354 1.178
17.154 30.371 1.178
17.163 30.388 1.178
17.171 30.404 1.178
17.179 30.421 1.178
17.188 30.438 1.178
17.196 30.454 1.178
17.204 30.471 1.178
17.212 30.488 1.178
17.221 30.504 1.178
17.229 30.521 1.178
17.238 30.538 1.178
17.246 30.554 1.178
17.254 30.571 1.178
17.262 30.588 1.178
17.271 30.604 1.178
17.279 30.621 1.178
17.287 30.638 1.178
17.296 30.654 1.178
17.304 30.671 1.178
17.312 30.688 1.178
17.321 30.704 1.178
17.329 30.721 1.178
17.337 30.738 1.178
17.346 30.754 1.178
17.354 30.771 1.178
17.362 30.788 1.178
17.371 30.804 1.178
17.379 30.821 1.178
17.387 30.838 1.178
17.396 30.854 1.178
17.404 30.871 1.178
17.413 30.887 1.178
17.420 30.906 1.178
17.428 30.925 1.178
17.436 30.944 1.178
17.444 30.963 1.197
17.450 30.982 1.272
17.456 31.002 1.347
17.460 31.022 1.421
17.462 31.042 1.496
17.462 31.062 1.571
17.462 31.065 1.571
17.462 31.068 1.571
17.462 31.071 1.571
17.462 31.074 1.571
17.462 31.076 1.571
17.462 31.079 1.571
17.462 31.082 1.571
17.462 31.085 1.571
17.462 31.088 1.571
17.462 31.090 1.571
17.462 31.093 1.571
17.462 31.096 1.571
17.462 31.099 1.571
17.462 31.101 1.571
17.462 31.104 1.571
17.462 31.107 1.571
17.462 31.110 1.571
17.462 31.113 1.571
17.462 31.115 1.571
17.462 31.118 1.571
17.462 31.121 1.571
17.462 31.124 1.571
17.462 31.126 1.571
17.462 31.129 1.571
17.462 31.132 1.571
17.462 31.135 1.571
17.462 31.137 1.571
17.462 31.140 1.571
17.462 31.143 1.571
17.462 31.146 1.571
17.462 31.149 1.571
17.462 31.151 1.571
17.462 31.154 1.571
17.462 31.157 1.571
17.462 31.160 1.571
17.462 31.163 1.571
17.462 31.165 1.571
17.462 31.168 1.571
17.462 31.171 1.571
17.462 31.174 1.571
17.462 31.176 1.571
17.462 31.179 1.571
17.462 31.182 1.571
17.462 31.185 1.571
17.462 31.188 1.571
17.462 31.190 1.571
17.462 31.193 1.571
17.462 31.196 1.571
17.462 31.199 1.571
17.462 31.201 1.571
17.462 31.204 1.571
17.462 31.207 1.571
17.462 31.210 1.571
17.462 31.213 1.571
17.462 31.215 1.571
17.462 31.218 1.571
17.462 31.221 1.571
17.462 31.224 1.571
17.462 31.226 1.571
17.462 31.229 1.571
17.462 31.232 1.571
17.462 31.235 1.571
17.462 31.238 1.571
17.462 31.240 1.571
17.462 31.243 1.571
17.462 31.246 1.571
17.462 31.249 1.571
17.462 31.251 1.571
17.462 31.254 1.571
17.462 31.257 1.571
17.462 31.260 1.571
17.462 31.262 1.571
17.462 31.285 1.571
17.462 31.307 1.571
17.462 31.329 1.571
17.462 31.351 1.571
17.462 31.374 1.571
17.462 31.396 1.571
17.462 31.418 1.571
17.462 31.440 1.571
17.462 31.463 1.571
17.462 31.465 1.571
17.462 31.468 1.571
17.462 31.471 1.571
17.462 31.474 1.571
17.462 31.476 1.571
17.462 31.479 1.571
17.462 31.482 1.571
17.462 31.485 1.571
17.462 31.488 1.571
17.462 31.490 1.571
17.462 31.493 1.571
17.462 31.496 1.571
17.462 31.499 1.571
17.462 31.501 1.571
17.462 31.504 1.571
17.462 31.507 1.571
17.462 31.510 1.571
17.462 31.512 1.571
17.462 31.515 1.571
17.462 31.518 1.571
17.462 31.521 1.571
17.462 31.524 1.571
17.462 31.526 1.571
17.462 31.529 1.571
17.462 31.532 1.571
17.462 31.535 1.571
17.462 31.538 1.571
17.462 31.540 1.571
17.462 31.543 1.571
17.462 31.546 1.571
17.462 31.549 1.571
17.462 31.551 1.571
17.462 31.554 1.571
17.462 31.557 1.571
17.462 31.560 1.571
17.462 31.562 1.571
17.462 31.565 1.571
17.462 31.568 1.571
17.462 31.571 1.571
17.462 31.574 1.571
17.462 31.576 1.571
17.462 31.579 1.571
17.462 31.582 1.571
17.462 31.585 1.571
17.462 31.588 1.571
17.462 31.610 1.571
17.462 31.632 1.571
17.462 31.654 1.571
17.462 31.676 1.571
17.462 31.699 1.571
17.462 31.721 1.571
17.462 31.743 1.571
17.462 31.765 1.571
17.462 31.788 1.571
17.462 31.790 1.571
17.462 31.793 1.571
17.462 31.796 1.571
17.462 31.799 1.571
17.462 31.801 1.571
17.462 31.804 1.571
17.462 31.807 1.571
17.462 31.810 1.571
17.462 31.812 1.571
17.462 31.815 1.571
17.462 31.818 1.571
17.462 31.821 1.571
17.462 31.824 1.571
17.462 31.826 1.571
17.462 31.829 1.571
17.462 31.832 1.571
17.462 31.835 1.571
17.462 31.838 1.571
17.462 31.840 1.571
17.462 31.843 1.571
17.462 31.846 1.571
17.462 31.849 1.571
17.462 31.851 1.571
17.462 31.854 1.571
17.462 31.857 1.571
17.462 31.860 1.571
17.462 31.863 1.571
17.462 31.865 1.571
17.462 31.868 1.571
17.462 31.871 1.571
17.462 31.874 1.571
17.462 31.876 1.571
17.462 31.879 1.571
17.462 31.882 1.571
17.462 31.885 1.571
17.462 31.887 1.571
17.462 31.890 1.571
17.462 31.893 1.571
17.462 31.896 1.571
17.462 31.899 1.571
17.462 31.901 1.571
17.462 31.904 1.571
17.462 31.907 1.571
17.462 31.910 1.571
17.462 31.913 1.571
17.462 31.915 1.571
17.462 31.918 1.571
17.462 31.921 1.571
17.462 31.924 1.571
17.462 31.926 1.571
17.462 31.929 1.571
17.462 31.932 1.571
17.462 31.935 1.571
17.462 31.938 1.571
17.462 31.940 1.571
17.462 31.943 1.571
17.462 31.946 1.571
17.462 31.949 1.571
17.462 31.951 1.571
17.462 31.954 1.571
17.462 31.957 1.571
17.462 31.960 1.571
17.462 31.963 1.571
17.462 31.965 1.571
17.462 31.968 1.571
17.462 31.971 1.571
17.462 31.974 1.571
17.462 31.976 1.571
17.462 31.979 1.571
17.462 31.982 1.571
17.462 31.985 1.571
17.462 31.988 1.571
17.462 31.990 1.571
17.462 31.993 1.571
17.462 31.996 1.571
17.462 31.999 1.571
17.462 32.001 1.571
17.462 32.004 1.571
17.462 32.007 1.571
17.462 32.010 1.571
17.462 32.013 1.571
17.462 32.015 1.571
17.462 32.018 1.571
17.462 32.021 1.571
17.462 32.024 1.571
17.462 32.026 1.571
17.462 32.029 1.571
17.462 32.032 1.571
17.462 32.035 1.571
17.462 32.038 1.571
17.462 32.060 1.571
17.462 32.082 1.571
17.462 32.104 1.571
17.462 32.126 1.571
17.462 32.149 1.571
17.462 32.171 1.571
17.462 32.193 1.571
17.462 32.215 1.571
17.462 32.238 1.571
17.462 32.260 1.571
17.462 32.283 1.571
17.462 32.305 1.571
17.463 32.328 1.522
17.465 32.350 1.453
17.468 32.373 1.384
17.473 32.395 1.316
17.480 32.416 1.247
17.488 32.438 1.178
17.485 32.432 1.178
17.482 32.426 1.178
17.479 32.421 1.178
17.476 32.415 1.178
17.474 32.410 1.178
17.471 32.404 1.178
17.468 32.399 1.178
17.465 32.393 1.178
17.462 32.388 1.178
17.470 32.406 1.178
17.478 32.425 1.178
17.486 32.444 1.178
17.494 32.463 1.197
17.500 32.482 1.272
17.506 32.502 1.347
17.509 32.522 1.421
17.512 32.542 1.496
17.512 32.563 1.571
17.512 32.565 1.571
17.512 32.568 1.571
17.512 32.571 1.571
17.512 32.574 1.571
17.512 32.576 1.571
17.512 32.579 1.571
17.512 32.582 1.571
17.512 32.585 1.571
17.512 32.588 1.571
17.512 32.590 1.571
17.512 32.593 1.571
17.512 32.596 1.571
17.512 32.599 1.571
17.512 32.601 1.571
17.512 32.604 1.571
17.512 32.607 1.571
17.512 32.610 1.571
17.512 32.613 1.571
17.512 32.615 1.571
17.512 32.618 1.571
17.512 32.621 1.571
17.512 32.624 1.571
17.512 32.626 1.571
17.512 32.629 1.571
17.512 32.632 1.571
17.512 32.635 1.571
17.512 32.638 1.571
17.512 32.660 1.571
17.512 32.682 1.571
17.512 32.704 1.571
17.512 32.726 1.571
17.512 32.749 1.571
17.512 32.771 1.571
17.512 32.793 1.571
17.512 32.815 1.571
17.512 32.838 1.571
17.512 32.860 1.571
17.512 32.882 1.571
17.512 32.904 1.571
17.512 32.926 1.571
17.512 32.949 1.571
17.512 32.971 1.571
17.512 32.993 1.571
17.512 33.015 1.571
17.512 33.038 1.571
17.512 33.060 1.571
17.512 33.082 1.571
17.512 33.104 1.571
17.512 33.126 1.571
17.512 33.149 1.571
17.512 33.171 1.571
17.512 33.193 1.571
17.512 33.215 1.571
17.512 33.238 1.571
17.512 33.260 1.571
17.512 33.282 1.571
17.512 33.304 1.571
17.512 33.326 1.571
17.512 33.349 1.571
17.512 33.371 1.571
17.512 33.393 1.571
17.512 33.415 1.571
17.512 33.438 1.571
17.512 33.460 1.571
17.512 33.482 1.571
17.512 33.504 1.571
17.512 33.526 1.571
17.512 33.549 1.571
17.512 33.571 1.571
17.512 33.593 1.571
17.512 33.615 1.571
17.512 33.638 1.571
17.512 33.660 1.571
17.512 33.682 1.571
17.512 33.704 1.571
17.512 33.726 1.571
17.512 33.749 1.571
17.512 33.771 1.571
17.512 33.793 1.571
17.512 33.815 1.571
17.512 33.838 1.571
17.512 33.860 1.571
17.512 33.882 1.571
17.512 33.904 1.571
17.512 33.926 1.571
17.512 33.949 1.571
17.512 33.971 1.571
17.512 33.993 1.571
17.512 34.015 1.571
17.512 34.038 1.571
17.512 34.060 1.571
17.512 34.082 1.571
17.512 34.104 1.571
17.512 34.126 1.571
17.512 34.149 1.571
17.512 34.171 1.571
17.512 34.193 1.571
17.512 34.215 1.571
17.512 34.238 1.571
17.512 34.260 1.571
17.512 34.282 1.571
17.512 34.304 1.571
17.512 34.326 1.571
17.512 34.349 1.571
17.512 34.371 1.571
17.512 34.393 1.571
17.512 34.415 1.571
17.512 34.438 1.571
17.512 34.460 1.571
17.512 34.482 1.571
17.512 34.504 1.571
17.512 34.526 1.571
17.512 34.549 1.571
17.512 34.571 1.571
17.512 34.593 1.571
17.512 34.615 1.571
17.512 34.638 1.571
17.512 34.660 1.571
17.512 34.682 1.571
17.512 34.704 1.571
17.512 34.726 1.571
17.512 34.749 1.571
17.512 34.771 1.571
17.512 34.793 1.571
17.512 34.815 1.571
17.512 34.838 1.571
17.512 34.860 1.571
17.512 34.882 1.571
17.512 34.904 1.571
17.512 34.926 1.571
17.512 34.949 1.571
17.512 34.971 1.571
17.512 34.993 1.571
17.512 35.015 1.571
17.512 35.038 1.571
17.512 35.040 1.571
17.512 35.043 1.571
17.512 35.046 1.571
17.512 35.049 1.571
17.512 35.051 1.571
17.512 35.054 1.571
17.512 35.057 1.571
17.512 35.060 1.571
17.512 35.063 1.571
17.512 35.065 1.571
17.512 35.068 1.571
17.512 35.071 1.571
17.512 35.074 1.571
17.512 35.076 1.571
17.512 35.079 1.571
17.512 35.082 1.571
17.512 35.085 1.571
17.512 35.088 1.571
17.512 35.110 1.571
17.512 35.132 1.571
17.512 35.154 1.571
17.512 35.176 1.571
17.512 35.199 1.571
17.512 35.221 1.571
17.512 35.243 1.571
17.512 35.265 1.571
17.512 35.288 1.571
17.512 35.310 1.571
17.512 35.332 1.571
17.512 35.354 1.571
17.512 35.376 1.571
17.512 35.399 1.571
17.512 35.421 1.571
17.512 35.443 1.571
17.512 35.465 1.571
17.512 35.488 1.571
17.512 35.510 1.571
17.512 35.533 1.571
17.512 35.555 1.571
17.513 35.578 1.522
17.515 35.600 1.453
17.518 35.623 1.384
17.523 35.645 1.316
17.530 35.666 1.247
17.538 35.688 1.178
17.546 35.704 1.178
17.554 35.721 1.178
17.562 35.738 1.178
17.571 35.754 1.178
17.579 35.771 1.178
17.588 35.788 1.178
17.596 35.804 1.178
17.604 35.821 1.178
17.613 35.838 1.178
17.621 35.854 1.178
17.629 35.871 1.178
17.637 35.888 1.178
17.646 35.904 1.178
17.654 35.921 1.178
17.663 35.938 1.178
17.671 35.954 1.178
17.679 35.971 1.178
17.688 35.988 1.178
17.696 36.004 1.178
17.704 36.021 1.178
17.712 36.038 1.178
17.721 36.054 1.178
17.729 36.071 1.178
17.738 36.088 1.178
17.746 36.104 1.178
17.754 36.121 1.178
17.762 36.138 1.178
17.771 36.154 1.178
17.779 36.171 1.178
17.787 36.188 1.178
17.796 36.204 1.178
17.804 36.221 1.178
17.812 36.238 1.178
17.821 36.254 1.178
17.829 36.271 1.178
17.837 36.288 1.178
17.845 36.306 1.178
17.853 36.325 1.178
17.861 36.344 1.178
17.869 36.363 1.197
17.875 36.382 1.272
17.881 36.402 1.347
17.884 36.422 1.421
17.887 36.442 1.496
17.887 36.463 1.571
17.887 36.465 1.571
17.887 36.468 1.571
17.887 36.471 1.571
17.887 36.474 1.571
17.887 36.476 1.571
17.887 36.479 1.571
17.887 36.482 1.571
17.887 36.485 1.571
17.887 36.488 1.571
17.887 36.510 1.571
17.887 36.532 1.571
17.887 36.554 1.571
17.887 36.576 1.571
17.887 36.599 1.571
17.887 36.621 1.571
17.887 36.643 1.571
17.887 36.665 1.571
17.887 36.688 1.571
17.887 36.710 1.571
17.887 36.732 1.571
17.887 36.754 1.571
17.887 36.776 1.571
17.887 36.799 1.571
17.887 36.821 1.571
17.887 36.843 1.571
17.887 36.865 1.571
17.887 36.888 1.571
17.887 36.910 1.571
17.887 36.932 1.571
17.887 36.954 1.571
17.887 36.976 1.571
17.887 36.999 1.571
17.887 37.021 1.571
17.887 37.043 1.571
17.887 37.065 1.571
17.887 37.088 1.571
17.887 37.110 1.571
17.887 37.132 1.571
17.887 37.154 1.571
17.887 37.176 1.571
17.887 37.199 1.571
17.887 37.221 1.571
17.887 37.243 1.571
17.887 37.265 1.571
17.887 37.288 1.571
17.887 37.310 1.571
17.887 37.333 1.571
17.887 37.355 1.571
17.888 37.378 1.522
17.890 37.400 1.453
17.893 37.423 1.384
17.898 37.445 1.316
17.905 37.466 1.247
17.913 37.488 1.178
17.921 37.504 1.178
17.929 37.521 1.178
17.938 37.538 1.178
17.946 37.554 1.178
17.954 37.571 1.178
17.963 37.588 1.178
17.971 37.604 1.178
17.979 37.621 1.178
17.988 37.638 1.178
17.996 37.654 1.178
18.004 37.671 1.178
18.012 37.688 1.178
18.021 37.704 1.178
18.029 37.721 1.178
18.038 37.738 1.178
18.046 37.754 1.178
18.054 37.771 1.178
18.062 37.788 1.178
18.071 37.804 1.178
18.079 37.821 1.178
18.087 37.837 1.178
18.096 37.854 1.178
18.104 37.871 1.178
18.113 37.888 1.178
18.121 37.904 1.178
18.129 37.921 1.178
18.137 37.938 1.178
18.146 37.954 1.178
18.154 37.971 1.178
18.162 37.988 1.178
18.171 38.004 1.178
18.179 38.021 1.178
18.188 38.038 1.178
18.196 38.054 1.178
18.204 38.071 1.178
18.212 38.088 1.178
18.221 38.104 1.178
18.229 38.121 1.178
18.237 38.138 1.178
18.246 38.154 1.178
18.254 38.171 1.178
18.262 38.188 1.178
18.271 38.204 1.178
18.279 38.221 1.178
18.288 38.238 1.178
18.296 38.254 1.178
18.304 38.271 1.178
18.312 38.288 1.178
18.321 38.304 1.178
18.329 38.321 1.178
18.338 38.338 1.178
18.346 38.354 1.178
18.354 38.371 1.178
18.363 38.388 1.178
18.371 38.404 1.178
18.379 38.421 1.178
18.387 38.438 1.178
18.396 38.454 1.178
18.404 38.471 1.178
18.413 38.488 1.178
18.421 38.504 1.178
18.429 38.521 1.178
18.438 38.538 1.178
18.446 38.554 1.178
18.454 38.571 1.178
18.462 38.588 1.178
18.471 38.604 1.178
18.479 38.621 1.178
18.488 38.638 1.178
18.496 38.654 1.178
18.504 38.671 1.178
18.512 38.688 1.178
18.521 38.704 1.178
18.529 38.721 1.178
18.537 38.738 1.178
18.546 38.754 1.178
18.554 38.771 1.178
18.562 38.788 1.178
18.571 38.804 1.178
18.579 38.821 1.178
18.587 38.838 1.178
18.596 38.854 1.178
18.604 38.871 1.178
18.612 38.888 1.178
18.621 38.904 1.178
18.629 38.921 1.178
18.637 38.938 1.178
18.646 38.954 1.178
18.654 38.971 1.178
18.663 38.988 1.178
18.671 39.004 1.178
18.679 39.021 1.178
18.688 39.038 1.178
18.696 39.054 1.178
18.704 39.071 1.178
18.713 39.088 1.178
18.721 39.104 1.178
18.729 39.121 1.178
18.738 39.138 1.178
18.746 39.154 1.178
18.754 39.171 1.178
18.762 39.188 1.178
18.771 39.204 1.178
18.779 39.221 1.178
18.788 39.238 1.178
18.796 39.254 1.178
18.804 39.271 1.178
18.812 39.288 1.178
18.821 39.304 1.178
18.829 39.321 1.178
18.837 39.338 1.178
18.846 39.354 1.178
18.854 39.371 1.178
18.863 39.388 1.178
18.871 39.404 1.178
18.879 39.421 1.178
18.887 39.438 1.178
18.896 39.454 1.178
18.904 39.471 1.178
18.912 39.488 1.178
18.921 39.504 1.178
18.929 39.521 1.178
18.938 39.538 1.178
18.946 39.554 1.178
18.954 39.571 1.178
18.962 39.588 1.178
18.971 39.604 1.178
18.979 39.621 1.178
18.987 39.638 1.178
18.996 39.654 1.178
19.004 39.671 1.178
19.012 39.688 1.178
19.021 39.704 1.178
19.029 39.721 1.178
19.038 39.738 1.178
19.046 39.754 1.178
19.054 39.771 1.178
19.062 39.788 1.178
19.071 39.804 1.178
19.079 39.821 1.178
19.088 39.838 1.178
19.096 39.854 1.178
19.104 39.871 1.178
19.113 39.888 1.178
19.121 39.904 1.178
19.129 39.921 1.178
19.137 39.938 1.178
19.146 39.954 1.178
19.154 39.971 1.178
19.163 39.988 1.178
19.171 40.004 1.178
19.179 40.021 1.178
19.188 40.038 1.178
19.196 40.054 1.178
19.204 40.071 1.178
19.212 40.088 1.178
19.221 40.104 1.178
19.229 40.121 1.178
19.238 40.138 1.178
19.246 40.154 1.178
19.254 40.171 1.178
19.262 40.188 1.178
19.272 40.202 1.148
19.281 40.217 1.117
19.292 40.232 1.087
19.302 40.246 1.057
19.313 40.260 1.027
19.325 40.273 0.996
19.337 40.287 0.966
19.350 40.300 0.936
19.363 40.313 0.785
19.365 40.315 0.785
19.368 40.318 0.785
19.371 40.321 0.785
19.374 40.324 0.785
19.376 40.326 0.785
19.379 40.329 0.785
19.382 40.332 0.785
19.385 40.335 0.785
19.387 40.338 0.785
19.390 40.340 0.785
19.393 40.343 0.785
19.396 40.346 0.785
19.399 40.349 0.785
19.401 40.351 0.785
19.404 40.354 0.785
19.407 40.357 0.785
19.410 40.360 0.785
19.413 40.363 0.785
19.415 40.365 0.785
19.418 40.368 0.785
19.421 40.371 0.785
19.424 40.374 0.785
19.426 40.376 0.785
19.429 40.379 0.785
19.432 40.382 0.785
19.435 40.385 0.785
19.438 40.388 0.785
19.454 40.404 0.785
19.471 40.421 0.785
19.488 40.438 0.785
19.504 40.454 0.785
19.521 40.471 0.785
19.538 40.488 0.785
19.554 40.504 0.785
19.571 40.521 0.785
19.588 40.538 0.785
19.604 40.554 0.785
19.621 40.571 0.785
19.638 40.588 0.785
19.654 40.604 0.785
19.671 40.621 0.785
19.688 40.638 0.785
19.704 40.654 0.785
19.721 40.671 0.785
19.738 40.688 0.785
19.754 40.704 0.785
19.771 40.721 0.785
19.788 40.738 0.785
19.804 40.754 0.785
19.821 40.771 0.785
19.838 40.788 0.785
19.854 40.804 0.785
19.871 40.821 0.785
19.887 40.838 0.785
19.904 40.854 0.785
19.921 40.871 0.785
19.938 40.888 0.785
19.954 40.904 0.785
19.971 40.921 0.785
19.988 40.938 0.785
20.004 40.954 0.785
20.021 40.971 0.785
20.038 40.988 0.785
20.054 41.004 0.785
20.071 41.021 0.785
20.088 41.038 0.785
20.104 41.054 0.785
20.121 41.071 0.785
20.138 41.088 0.785
20.154 41.104 0.785
20.171 41.121 0.785
20.188 41.138 0.785
20.204 41.154 0.785
20.221 41.171 0.785
20.238 41.188 0.785
20.254 41.204 0.785
20.271 41.221 0.785
20.288 41.238 0.785
20.304 41.254 0.785
20.321 41.271 0.785
20.338 41.288 0.785
20.355 41.305 0.785
20.372 41.321 0.756
20.390 41.338 0.704
20.408 41.353 0.652
20.428 41.367 0.600
20.448 41.380 0.548
20.469 41.392 0.496
20.491 41.403 0.445
20.512 41.413 0.393
20.529 41.421 0.393
20.546 41.429 0.393
20.562 41.438 0.393
20.579 41.446 0.393
20.596 41.454 0.393
20.613 41.463 0.393
20.629 41.471 0.393
20.646 41.479 0.393
20.663 41.488 0.393
20.679 41.496 0.393
20.696 41.504 0.393
20.713 41.513 0.393
20.729 41.521 0.393
20.746 41.529 0.393
20.763 41.538 0.393
20.779 41.546 0.393
20.796 41.554 0.393
20.812 41.563 0.393
20.829 41.571 0.393
20.846 41.579 0.393
20.863 41.588 0.393
20.879 41.596 0.393
20.896 41.604 0.393
20.913 41.613 0.393
20.929 41.621 0.393
20.946 41.629 0.393
20.963 41.638 0.393
20.979 41.646 0.393
20.996 41.654 0.393
21.013 41.663 0.393
21.029 41.671 0.393
21.046 41.679 0.393
21.063 41.688 0.393
21.079 41.696 0.393
21.096 41.704 0.393
21.113 41.713 0.393
21.129 41.721 0.393
21.146 41.729 0.393
21.163 41.738 0.393
21.179 41.746 0.393
21.196 41.754 0.393
21.213 41.763 0.393
21.229 41.771 0.393
21.246 41.779 0.393
21.262 41.788 0.393
21.279 41.796 0.393
21.296 41.804 0.393
21.312 41.813 0.393
21.329 41.821 0.393
21.346 41.829 0.393
21.363 41.838 0.393
21.379 41.846 0.393
21.396 41.854 0.393
21.413 41.863 0.393
21.429 41.871 0.393
21.446 41.879 0.393
21.463 41.888 0.393
21.479 41.896 0.393
21.496 41.904 0.393
21.513 41.913 0.393
21.529 41.921 0.393
21.546 41.929 0.393
21.562 41.938 0.393
21.579 41.946 0.393
21.596 41.954 0.393
21.613 41.963 0.393
21.629 41.971 0.393
21.646 41.979 0.393
21.663 41.988 0.393
21.679 41.996 0.393
21.696 42.004 0.393
21.713 42.013 0.393
21.729 42.021 0.393
21.746 42.029 0.393
21.763 42.038 0.393
21.779 42.046 0.393
21.796 42.054 0.393
21.813 42.062 0.393
21.829 42.071 0.393
21.846 42.079 0.393
21.863 42.088 0.393
21.879 42.096 0.393
21.896 42.104 0.393
21.913 42.113 0.393
21.929 42.121 0.393
21.946 42.129 0.393
21.963 42.138 0.393
21.979 42.146 0.393
21.996 42.154 0.393
22.012 42.163 0.393
22.029 42.171 0.393
22.046 42.179 0.393
22.062 42.188 0.393
22.079 42.196 0.393
22.096 42.204 0.393
22.113 42.213 0.393
22.129 42.221 0.393
22.146 42.229 0.393
22.163 42.238 0.393
22.179 42.246 0.393
22.196 42.254 0.393
22.213 42.263 0.393
22.229 42.271 0.393
22.246 42.279 0.393
22.263 42.288 0.393
22.279 42.296 0.393
22.296 42.304 0.393
22.312 42.313 0.393
22.329 42.321 0.393
22.346 42.329 0.393
22.363 42.338 0.393
22.379 42.346 0.393
22.396 42.354 0.393
22.413 42.363 0.393
22.429 42.371 0.393
22.446 42.379 0.393
22.463 42.388 0.393
22.479 42.396 0.393
22.496 42.404 0.393
22.513 42.413 0.393
22.529 42.421 0.393
22.546 42.429 0.393
22.563 42.438 0.393
22.579 42.446 0.393
22.596 42.454 0.393
22.613 42.463 0.393
22.631 42.470 0.393
22.650 42.478 0.393
22.669 42.486 0.393
22.688 42.494 0.374
22.707 42.500 0.299
22.727 42.506 0.224
22.747 42.510 0.149
22.767 42.512 0.075
22.788 42.513 0.000
22.790 42.513 0.000
22.793 42.513 0.000
22.796 42.513 0.000
22.799 42.513 0.000
22.801 42.513 0.000
22.804 42.513 0.000
22.807 42.513 0.000
22.810 42.513 0.000
22.812 42.513 0.000
22.815 42.513 0.000
22.818 42.513 0.000
22.821 42.513 0.000
22.824 42.513 0.000
22.826 42.513 0.000
22.829 42.513 0.000
22.832 42.513 0.000
22.835 42.513 0.000
22.838 42.513 0.000
22.840 42.513 0.000
22.843 42.513 0.000
22.846 42.513 0.000
22.849 42.513 0.000
22.851 42.513 0.000
22.854 42.513 0.000
22.857 42.513 0.000
22.860 42.513 0.000
22.863 42.513 0.000
22.865 42.513 0.000
22.868 42.513 0.000
22.871 42.513 0.000
22.874 42.513 0.000
22.876 42.513 0.000
22.879 42.513 0.000
22.882 42.513 0.000
22.885 42.513 0.000
22.887 42.513 0.000
22.890 42.513 0.000
22.893 42.513 0.000
22.896 42.513 0.000
22.899 42.513 0.000
22.901 42.513 0.000
22.904 42.513 0.000
22.907 42.513 0.000
22.910 42.513 0.000
22.913 42.513 0.000
22.915 42.513 0.000
22.918 42.513 0.000
22.921 42.513 0.000
22.924 42.513 0.000
22.926 42.513 0.000
22.929 42.513 0.000
22.932 42.513 0.000
22.935 42.513 0.000
22.938 42.513 0.000
22.940 42.513 0.000
22.943 42.513 0.000
22.946 42.513 0.000
22.949 42.513 0.000
22.951 42.513 0.000
22.954 42.513 0.000
22.957 42.513 0.000
22.960 42.513 0.000
22.963 42.513 0.000
22.985 42.513 0.000
23.007 42.513 0.000
23.029 42.513 0.000
23.051 42.513 0.000
23.074 42.513 0.000
23.096 42.513 0.000
23.118 42.513 0.000
23.140 42.513 0.000
23.163 42.513 0.000
23.185 42.513 0.000
23.207 42.513 0.000
23.229 42.513 0.000
23.251 42.513 0.000
23.274 42.513 0.000
23.296 42.513 0.000
23.318 42.513 0.000
23.340 42.513 0.000
23.363 42.513 0.000
23.385 42.513 0.000
23.407 42.513 0.000
23.429 42.513 0.000
23.451 42.513 0.000
23.474 42.513 0.000
23.496 42.513 0.000
23.518 42.513 0.000
23.540 42.513 0.000
23.562 42.513 0.000
23.585 42.513 0.000
23.607 42.513 0.000
23.629 42.513 0.000
23.651 42.513 0.000
23.674 42.513 0.000
23.696 42.513 0.000
23.718 42.513 0.000
23.740 42.513 0.000
23.762 42.513 0.000
23.765 42.513 0.000
23.768 42.513 0.000
23.771 42.513 0.000
23.774 42.513 0.000
23.776 42.513 0.000
23.779 42.513 0.000
23.782 42.513 0.000
23.785 42.513 0.000
23.788 42.513 0.000
23.790 42.513 0.000
23.793 42.513 0.000
23.796 42.513 0.000
23.799 42.513 0.000
23.801 42.513 0.000
23.804 42.513 0.000
23.807 42.513 0.000
23.810 42.513 0.000
23.812 42.513 0.000
23.815 42.513 0.000
23.818 42.513 0.000
23.821 42.513 0.000
23.824 42.513 0.000
23.826 42.513 0.000
23.829 42.513 0.000
23.832 42.513 0.000
23.835 42.513 0.000
23.838 42.513 0.000
23.840 42.513 0.000
23.843 42.513 0.000
23.846 42.513 0.000
23.849 42.513 0.000
23.851 42.513 0.000
23.854 42.513 0.000
23.857 42.513 0.000
23.860 42.513 0.000
23.863 42.513 0.000
23.865 42.513 0.000
23.868 42.513 0.000
23.871 42.513 0.000
23.874 42.513 0.000
23.876 42.513 0.000
23.879 42.513 0.000
23.882 42.513 0.000
23.885 42.513 0.000
23.887 42.513 0.000
23.890 42.513 0.000
23.893 42.513 0.000
23.896 42.513 0.000
23.899 42.513 0.000
23.901 42.513 0.000
23.904 42.513 0.000
23.907 42.513 0.000
23.910 42.513 0.000
23.913 42.513 0.000
23.935 42.513 0.000
23.957 42.513 0.000
23.979 42.513 0.000
24.001 42.513 0.000
24.024 42.513 0.000
24.046 42.513 0.000
24.068 42.513 0.000
24.090 42.513 0.000
24.113 42.513 0.000
24.135 42.513 0.000
24.157 42.513 0.000
24.179 42.513 0.000
24.201 42.513 0.000
24.224 42.513 0.000
24.246 42.513 0.000
24.268 42.513 0.000
24.290 42.513 0.000
24.312 42.513 0.000
24.335 42.513 0.000
24.357 42.513 0.000
24.379 42.513 0.000
24.401 42.513 0.000
24.424 42.513 0.000
24.446 42.513 0.000
24.468 42.513 0.000
24.490 42.513 0.000
24.512 42.513 0.000
24.535 42.513 0.000
24.557 42.513 0.000
24.579 42.513 0.000
24.601 42.513 0.000
24.624 42.513 0.000
24.646 42.513 0.000
24.668 42.513 0.000
24.690 42.513 0.000
24.713 42.513 0.000
24.735 42.513 0.000
24.757 42.513 0.000
24.779 42.513 0.000
24.801 42.513 0.000
24.824 42.513 0.000
24.846 42.513 0.000
24.868 42.513 0.000
24.890 42.513 0.000
24.913 42.513 0.000
24.935 42.513 0.000
24.957 42.513 0.000
24.979 42.513 0.000
25.001 42.513 0.000
25.024 42.513 0.000
25.046 42.513 0.000
25.068 42.513 0.000
25.090 42.513 0.000
25.113 42.513 0.000
25.135 42.513 0.000
25.157 42.513 0.000
25.179 42.513 0.000
25.201 42.513 0.000
25.224 42.513 0.000
25.246 42.513 0.000
25.268 42.513 0.000
25.290 42.513 0.000
25.312 42.513 0.000
25.335 42.513 0.000
25.357 42.513 0.000
25.379 42.513 0.000
25.401 42.513 0.000
25.424 42.513 0.000
25.446 42.513 0.000
25.468 42.513 0.000
25.490 42.513 0.000
25.512 42.513 0.000
25.535 42.513 0.000
25.557 42.513 0.000
25.579 42.513 0.000
25.601 42.513 0.000
25.624 42.513 0.000
25.646 42.513 0.000
25.668 42.513 0.000
25.690 42.513 0.000
25.713 42.513 0.000
25.735 42.513 0.000
25.757 42.513 0.000
25.779 42.513 0.000
25.801 42.513 0.000
25.824 42.513 0.000
25.846 42.513 0.000
25.868 42.513 0.000
25.890 42.513 0.000
25.913 42.513 0.000
25.915 42.513 0.000
25.918 42.513 0.000
25.921 42.513 0.000
25.924 42.513 0.000
25.926 42.513 0.000
25.929 42.513 0.000
25.932 42.513 0.000
25.935 42.513 0.000
25.938 42.513 0.000
25.940 42.513 0.000
25.943 42.513 0.000
25.946 42.513 0.000
25.949 42.513 0.000
25.951 42.513 0.000
25.954 42.513 0.000
25.957 42.513 0.000
25.960 42.513 0.000
25.963 42.513 0.000
25.965 42.513 0.000
25.968 42.513 0.000
25.971 42.513 0.000
25.974 42.513 0.000
25.976 42.513 0.000
25.979 42.513 0.000
25.982 42.513 0.000
25.985 42.513 0.000
25.988 42.513 0.000
25.990 42.513 0.000
25.993 42.513 0.000
25.996 42.513 0.000
25.999 42.513 0.000
26.001 42.513 0.000
26.004 42.513 0.000
26.007 42.513 0.000
26.010 42.513 0.000
26.012 42.513 0.000
26.015 42.513 0.000
26.018 42.513 0.000
26.021 42.513 0.000
26.024 42.513 0.000
26.026 42.513 0.000
26.029 42.513 0.000
26.032 42.513 0.000
26.035 42.513 0.000
26.038 42.513 0.000
26.040 42.513 0.000
26.043 42.513 0.000
26.046 42.513 0.000
26.049 42.513 0.000
26.051 42.513 0.000
26.054 42.513 0.000
26.057 42.513 0.000
26.060 42.513 0.000
26.062 42.513 0.000
26.065 42.513 0.000
26.068 42.513 0.000
26.071 42.513 0.000
26.074 42.513 0.000
26.076 42.513 0.000
26.079 42.513 0.000
26.082 42.513 0.000
26.085 42.513 0.000
26.088 42.513 0.000
26.110 42.513 0.000
26.132 42.513 0.000
26.154 42.513 0.000
26.176 42.513 0.000
26.199 42.513 0.000
26.221 42.513 0.000
26.243 42.513 0.000
26.265 42.513 0.000
26.288 42.513 0.000
26.310 42.513 0.000
26.332 42.513 0.000
26.354 42.513 0.000
26.376 42.513 0.000
26.399 42.513 0.000
26.421 42.513 0.000
26.443 42.513 0.000
26.465 42.513 0.000
26.488 42.513 0.000
26.510 42.513 0.000
26.532 42.513 0.000
26.554 42.513 0.000
26.576 42.513 0.000
26.599 42.513 0.000
26.621 42.513 0.000
26.643 42.513 0.000
26.665 42.513 0.000
26.688 42.513 0.000
26.710 42.513 0.000
26.732 42.513 0.000
26.754 42.513 0.000
26.776 42.513 0.000
26.799 42.513 0.000
26.821 42.513 0.000
26.843 42.513 0.000
26.865 42.513 0.000
26.887 42.513 0.000
26.910 42.513 0.000
26.932 42.513 0.000
26.954 42.513 0.000
26.976 42.513 0.000
26.999 42.513 0.000
27.021 42.513 0.000
27.043 42.513 0.000
27.065 42.513 0.000
27.088 42.513 0.000
27.110 42.513 0.000
27.132 42.513 0.000
27.154 42.513 0.000
27.176 42.513 0.000
27.199 42.513 0.000
27.221 42.513 0.000
27.243 42.513 0.000
27.265 42.513 0.000
27.288 42.513 0.000
27.310 42.513 0.000
27.332 42.513 0.000
27.354 42.513 0.000
27.376 42.513 0.000
27.399 42.513 0.000
27.421 42.513 0.000
27.443 42.513 0.000
27.465 42.513 0.000
27.488 42.513 0.000
27.510 42.513 0.000
27.532 42.513 0.000
27.554 42.513 0.000
27.576 42.513 0.000
27.599 42.513 0.000
27.621 42.513 0.000
27.643 42.513 0.000
27.665 42.513 0.000
27.688 42.513 0.000
27.710 42.513 0.000
27.732 42.513 0.000
27.754 42.513 0.000
27.776 42.513 0.000
27.799 42.513 0.000
27.821 42.513 0.000
27.843 42.513 0.000
27.865 42.513 0.000
27.887 42.513 0.000
27.910 42.513 0.000
27.932 42.513 0.000
27.954 42.513 0.000
27.976 42.513 0.000
27.999 42.513 0.000
28.021 42.513 0.000
28.043 42.513 0.000
28.065 42.513 0.000
28.088 42.513 0.000
28.110 42.513 0.000
28.132 42.513 0.000
28.154 42.513 0.000
28.176 42.513 0.000
28.199 42.513 0.000
28.221 42.513 0.000
28.243 42.513 0.000
28.265 42.513 0.000
28.288 42.513 0.000
28.290 42.513 0.000
28.293 42.513 0.000
28.296 42.513 0.000
28.299 42.513 0.000
28.301 42.513 0.000
28.304 42.513 0.000
28.307 42.513 0.000
28.310 42.513 0.000
28.312 42.513 0.000
28.335 42.513 0.000
28.357 42.513 0.000
28.379 42.513 0.000
28.401 42.513 0.000
28.424 42.513 0.000
28.446 42.513 0.000
28.468 42.513 0.000
28.490 42.513 0.000
28.512 42.513 0.000
28.515 42.513 0.000
28.518 42.513 0.000
28.521 42.513 0.000
28.524 42.513 0.000
28.526 42.513 0.000
28.529 42.513 0.000
28.532 42.513 0.000
28.535 42.513 0.000
28.538 42.513 0.000
28.540 42.513 0.000
28.543 42.513 0.000
28.546 42.513 0.000
28.549 42.513 0.000
28.551 42.513 0.000
28.554 42.513 0.000
28.557 42.513 0.000
28.560 42.513 0.000
28.562 42.513 0.000
28.565 42.513 0.000
28.568 42.513 0.000
28.571 42.513 0.000
28.574 42.513 0.000
28.576 42.513 0.000
28.579 42.513 0.000
28.582 42.513 0.000
28.585 42.513 0.000
28.588 42.513 0.000
28.590 42.513 0.000
28.593 42.513 0.000
28.596 42.513 0.000
28.599 42.513 0.000
28.601 42.513 0.000
28.604 42.513 0.000
28.607 42.513 0.000
28.610 42.513 0.000
28.613 42.513 0.000
28.615 42.513 0.000
28.618 42.513 0.000
28.621 42.513 0.000
28.624 42.513 0.000
28.626 42.513 0.000
28.629 42.513 0.000
28.632 42.513 0.000
28.635 42.513 0.000
28.637 42.513 0.000
28.660 42.513 0.000
28.682 42.513 0.000
28.704 42.513 0.000
28.726 42.513 0.000
28.749 42.513 0.000
28.771 42.513 0.000
28.793 42.513 0.000
28.815 42.513 0.000
28.838 42.513 0.000
28.860 42.513 0.000
28.882 42.513 0.000
28.904 42.513 0.000
28.926 42.513 0.000
28.949 42.513 0.000
28.971 42.513 0.000
28.993 42.513 0.000
29.015 42.513 0.000
29.038 42.513 0.000
29.040 42.513 0.000
29.043 42.513 0.000
29.046 42.513 0.000
29.049 42.513 0.000
29.051 42.513 0.000
29.054 42.513 0.000
29.057 42.513 0.000
29.060 42.513 0.000
29.062 42.513 0.000
29.085 42.513 0.000
29.108 42.513 0.000
29.130 42.513 0.000
29.153 42.513 0.049
29.175 42.515 0.118
29.198 42.518 0.186
29.220 42.523 0.255
29.241 42.530 0.324
29.262 42.538 0.393
29.268 42.540 0.393
29.274 42.543 0.393
29.279 42.546 0.393
29.285 42.549 0.393
29.290 42.551 0.393
29.296 42.554 0.393
29.301 42.557 0.393
29.307 42.560 0.393
29.312 42.563 0.393
29.318 42.565 0.393
29.324 42.568 0.393
29.329 42.571 0.393
29.335 42.574 0.393
29.340 42.576 0.393
29.346 42.579 0.393
29.351 42.582 0.393
29.357 42.585 0.393
29.363 42.588 0.393
29.379 42.596 0.393
29.396 42.604 0.393
29.413 42.613 0.393
29.429 42.621 0.393
29.446 42.629 0.393
29.463 42.638 0.393
29.479 42.646 0.393
29.496 42.654 0.393
29.512 42.663 0.393
29.529 42.671 0.393
29.546 42.679 0.393
29.562 42.688 0.393
29.579 42.696 0.393
29.596 42.704 0.393
29.613 42.713 0.393
29.629 42.721 0.393
29.646 42.729 0.393
29.663 42.738 0.393
29.679 42.746 0.393
29.696 42.754 0.393
29.713 42.763 0.393
29.729 42.771 0.393
29.746 42.779 0.393
29.763 42.788 0.393
29.779 42.796 0.393
29.796 42.804 0.393
29.812 42.813 0.393
29.829 42.821 0.393
29.846 42.829 0.393
29.863 42.838 0.393
29.879 42.846 0.393
29.896 42.854 0.393
29.913 42.863 0.393
29.929 42.871 0.393
29.946 42.879 0.393
29.963 42.888 0.393
29.977 42.897 0.423
29.992 42.906 0.453
30.007 42.917 0.484
30.021 42.927 0.514
30.035 42.938 0.544
30.048 42.950 0.575
30.062 42.962 0.605
30.075 42.975 0.635
30.088 42.988 0.785
30.105 43.005 0.785
30.121 43.022 0.815
30.138 43.040 0.867
30.153 43.058 0.919
30.167 43.078 0.971
30.180 43.098 1.022
30.192 43.119 1.074
30.203 43.141 1.126
30.213 43.163 1.178
30.220 43.181 1.178
30.228 43.200 1.178
30.236 43.219 1.178
30.244 43.238 1.197
30.250 43.257 1.272
30.256 43.277 1.347
30.260 43.297 1.421
30.262 43.317 1.496
30.262 43.338 1.571
30.262 43.340 1.571
30.262 43.343 1.571
30.262 43.346 1.571
30.262 43.349 1.571
30.262 43.351 1.571
30.262 43.354 1.571
30.262 43.357 1.571
30.262 43.360 1.571
30.262 43.363 1.571
30.262 43.385 1.571
30.262 43.408 1.571
30.262 43.430 1.571
30.263 43.453 1.522
30.265 43.475 1.453
30.268 43.498 1.384
30.273 43.520 1.316
30.280 43.541 1.247
30.288 43.563 1.178
30.290 43.568 1.178
30.293 43.574 1.178
30.296 43.579 1.178
30.299 43.585 1.178
30.301 43.590 1.178
30.304 43.596 1.178
30.307 43.601 1.178
30.310 43.607 1.178
30.312 43.613 1.178
30.315 43.618 1.178
30.318 43.624 1.178
30.321 43.629 1.178
30.324 43.635 1.178
30.326 43.640 1.178
30.329 43.646 1.178
30.332 43.651 1.178
30.335 43.657 1.178
30.338 43.663 1.178
30.346 43.679 1.178
30.354 43.696 1.178
30.363 43.713 1.178
30.371 43.729 1.178
30.379 43.746 1.178
30.388 43.763 1.178
30.396 43.779 1.178
30.404 43.796 1.178
30.413 43.813 1.178
30.421 43.829 1.178
30.429 43.846 1.178
30.438 43.863 1.178
30.446 43.879 1.178
30.454 43.896 1.178
30.463 43.913 1.178
30.471 43.929 1.178
30.479 43.946 1.178
30.488 43.963 1.178
30.496 43.979 1.178
30.504 43.996 1.178
30.512 44.013 1.178
30.521 44.029 1.178
30.529 44.046 1.178
30.538 44.063 1.178
30.546 44.079 1.178
30.554 44.096 1.178
30.562 44.113 1.178
30.571 44.129 1.178
30.579 44.146 1.178
30.587 44.163 1.178
30.596 44.179 1.178
30.604 44.196 1.178
30.613 44.213 1.178
30.621 44.229 1.178
30.629 44.246 1.178
30.637 44.263 1.178
30.646 44.279 1.178
30.654 44.296 1.178
30.662 44.312 1.178
30.671 44.329 1.178
30.679 44.346 1.178
30.688 44.363 1.178
30.696 44.379 1.178
30.704 44.396 1.178
30.713 44.413 1.178
30.721 44.429 1.178
30.729 44.446 1.178
30.738 44.463 1.178
30.746 44.479 1.178
30.754 44.496 1.178
30.763 44.513 1.178
30.771 44.529 1.178
30.779 44.546 1.178
30.788 44.563 1.178
30.796 44.579 1.178
30.804 44.596 1.178
30.812 44.613 1.178
30.821 44.629 1.178
30.829 44.646 1.178
30.838 44.663 1.178
30.846 44.679 1.178
30.854 44.696 1.178
30.863 44.713 1.178
30.871 44.729 1.178
30.879 44.746 1.178
30.887 44.763 1.178
30.896 44.779 1.178
30.904 44.796 1.178
30.913 44.813 1.178
30.921 44.829 1.178
30.929 44.846 1.178
30.938 44.863 1.178
30.946 44.879 1.178
30.954 44.896 1.178
30.962 44.913 1.178
30.971 44.929 1.178
30.979 44.946 1.178
30.988 44.963 1.178
30.996 44.979 1.178
31.004 44.996 1.178
31.012 45.013 1.178
31.021 45.029 1.178
31.029 45.046 1.178
31.037 45.062 1.178
31.046 45.079 1.178
31.054 45.096 1.178
31.062 45.113 1.178
31.071 45.129 1.178
31.079 45.146 1.178
31.088 45.163 1.178
31.096 45.179 1.178
31.104 45.196 1.178
31.113 45.213 1.178
31.121 45.229 1.178
31.129 45.246 1.178
31.138 45.263 1.178
31.146 45.279 1.178
31.154 45.296 1.178
31.163 45.313 1.178
31.171 45.329 1.178
31.179 45.346 1.178
31.188 45.363 1.178
31.196 45.379 1.178
31.204 45.396 1.178
31.213 45.413 1.178
31.221 45.429 1.178
31.229 45.446 1.178
31.238 45.463 1.178
31.246 45.479 1.178
31.254 45.496 1.178
31.262 45.513 1.178
31.271 45.529 1.178
31.279 45.546 1.178
31.288 45.563 1.178
31.296 45.579 1.178
31.304 45.596 1.178
31.312 45.613 1.178
31.321 45.629 1.178
31.329 45.646 1.178
31.337 45.663 1.178
31.346 45.679 1.178
31.354 45.696 1.178
31.363 45.713 1.178
31.371 45.729 1.178
31.379 45.746 1.178
31.387 45.763 1.178
31.396 45.779 1.178
31.404 45.796 1.178
31.412 45.812 1.178
31.421 45.829 1.178
31.429 45.846 1.178
31.438 45.863 1.178
31.446 45.879 1.178
31.454 45.896 1.178
31.463 45.913 1.178
31.471 45.929 1.178
31.479 45.946 1.178
31.488 45.963 1.178
31.496 45.979 1.178
31.504 45.996 1.178
31.513 46.013 1.178
31.521 46.029 1.178
31.529 46.046 1.178
31.538 46.063 1.178
31.547 46.077 1.148
31.556 46.092 1.117
31.567 46.107 1.087
31.577 46.121 1.057
31.588 46.135 1.027
31.600 46.148 0.996
31.612 46.162 0.966
31.625 46.175 0.936
31.637 46.188 0.785
31.640 46.190 0.785
31.643 46.193 0.785
31.646 46.196 0.785
31.649 46.199 0.785
31.651 46.201 0.785
31.654 46.204 0.785
31.657 46.207 0.785
31.660 46.210 0.785
31.663 46.213 0.785
31.665 46.215 0.785
31.668 46.218 0.785
31.671 46.221 0.785
31.674 46.224 0.785
31.676 46.226 0.785
31.679 46.229 0.785
31.682 46.232 0.785
31.685 46.235 0.785
31.688 46.238 0.785
31.690 46.240 0.785
31.693 46.243 0.785
31.696 46.246 0.785
31.699 46.249 0.785
31.701 46.251 0.785
31.704 46.254 0.785
31.707 46.257 0.785
31.710 46.260 0.785
31.713 46.263 0.785
31.729 46.279 0.785
31.746 46.296 0.785
31.763 46.312 0.785
31.779 46.329 0.785
31.796 46.346 0.785
31.813 46.363 0.785
31.829 46.379 0.785
31.846 46.396 0.785
31.863 46.413 0.785
31.880 46.430 0.785
31.897 46.446 0.756
31.915 46.463 0.704
31.933 46.478 0.652
31.953 46.492 0.600
31.973 46.505 0.548
31.994 46.517 0.496
32.016 46.528 0.445
32.038 46.538 0.393
32.043 46.540 0.393
32.049 46.543 0.393
32.054 46.546 0.393
32.060 46.549 0.393
32.065 46.551 0.393
32.071 46.554 0.393
32.076 46.557 0.393
32.082 46.560 0.393
32.088 46.563 0.393
32.104 46.571 0.393
32.121 46.579 0.393
32.138 46.588 0.393
32.154 46.596 0.393
32.171 46.604 0.393
32.188 46.613 0.393
32.204 46.621 0.393
32.221 46.629 0.393
32.238 46.638 0.393
32.254 46.646 0.393
32.271 46.654 0.393
32.288 46.663 0.393
32.304 46.671 0.393
32.321 46.679 0.393
32.338 46.688 0.393
32.354 46.696 0.393
32.371 46.704 0.393
32.388 46.713 0.393
32.404 46.721 0.393
32.421 46.729 0.393
32.438 46.738 0.393
32.454 46.746 0.393
32.471 46.754 0.393
32.488 46.763 0.393
32.504 46.771 0.393
32.521 46.779 0.393
32.538 46.788 0.393
32.554 46.796 0.393
32.571 46.804 0.393
32.587 46.813 0.393
32.604 46.821 0.393
32.621 46.829 0.393
32.638 46.838 0.393
32.654 46.846 0.393
32.671 46.854 0.393
32.688 46.863 0.393
32.704 46.871 0.393
32.721 46.879 0.393
32.738 46.888 0.393
32.754 46.896 0.393
32.771 46.904 0.393
32.788 46.913 0.393
32.804 46.921 0.393
32.821 46.929 0.393
32.838 46.938 0.393
32.854 46.946 0.393
32.871 46.954 0.393
32.888 46.963 0.393
32.904 46.971 0.393
32.921 46.979 0.393
32.938 46.988 0.393
32.954 46.996 0.393
32.971 47.004 0.393
32.988 47.013 0.393
33.004 47.021 0.393
33.021 47.029 0.393
33.038 47.038 0.393
33.054 47.046 0.393
33.071 47.054 0.393
33.088 47.062 0.393
33.104 47.071 0.393
33.121 47.079 0.393
33.138 47.088 0.393
33.154 47.096 0.393
33.171 47.104 0.393
33.188 47.113 0.393
33.204 47.121 0.393
33.221 47.129 0.393
33.238 47.138 0.393
33.254 47.146 0.393
33.271 47.154 0.393
33.288 47.163 0.393
33.304 47.171 0.393
33.321 47.179 0.393
33.337 47.188 0.393
33.354 47.196 0.393
33.371 47.204 0.393
33.388 47.213 0.393
33.404 47.221 0.393
33.421 47.229 0.393
33.438 47.238 0.393
33.454 47.246 0.393
33.471 47.254 0.393
33.488 47.263 0.393
33.504 47.271 0.393
33.521 47.279 0.393
33.538 47.288 0.393
33.554 47.296 0.393
33.571 47.304 0.393
33.588 47.313 0.393
33.604 47.321 0.393
33.621 47.329 0.393
33.638 47.338 0.393
33.654 47.346 0.393
33.671 47.354 0.393
33.688 47.363 0.393
33.704 47.371 0.393
33.721 47.379 0.393
33.738 47.388 0.393
33.754 47.396 0.393
33.771 47.404 0.393
33.788 47.413 0.393
33.804 47.421 0.393
33.821 47.429 0.393
33.838 47.438 0.393
33.854 47.446 0.393
33.871 47.454 0.393
33.888 47.463 0.393
33.906 47.470 0.393
33.925 47.478 0.393
33.944 47.486 0.393
33.963 47.494 0.374
33.982 47.500 0.299
34.002 47.506 0.224
34.022 47.510 0.149
34.042 47.512 0.075
34.063 47.513 0.000
34.065 47.513 0.000
34.068 47.513 0.000
34.071 47.513 0.000
34.074 47.513 0.000
34.076 47.513 0.000
34.079 47.513 0.000
34.082 47.513 0.000
34.085 47.513 0.000
34.088 47.513 0.000
34.090 47.513 0.000
34.093 47.513 0.000
34.096 47.513 0.000
34.099 47.513 0.000
34.101 47.513 0.000
34.104 47.513 0.000
34.107 47.513 0.000
34.110 47.513 0.000
34.113 47.513 0.000
34.115 47.513 0.000
34.118 47.513 0.000
34.121 47.513 0.000
34.124 47.513 0.000
34.126 47.513 0.000
34.129 47.513 0.000
34.132 47.513 0.000
34.135 47.513 0.000
34.138 47.513 0.000
34.140 47.513 0.000
34.143 47.513 0.000
34.146 47.513 0.000
34.149 47.513 0.000
34.151 47.513 0.000
34.154 47.513 0.000
34.157 47.513 0.000
34.160 47.513 0.000
34.163 47.513 0.000
34.165 47.513 0.000
34.168 47.513 0.000
34.171 47.513 0.000
34.174 47.513 0.000
34.176 47.513 0.000
34.179 47.513 0.000
34.182 47.513 0.000
34.185 47.513 0.000
34.188 47.513 0.000
34.190 47.513 0.000
34.193 47.513 0.000
34.196 47.513 0.000
34.199 47.513 0.000
34.201 47.513 0.000
34.204 47.513 0.000
34.207 47.513 0.000
34.210 47.513 0.000
34.213 47.513 0.000
34.235 47.513 0.000
34.257 47.513 0.000
34.279 47.513 0.000
34.301 47.513 0.000
34.324 47.513 0.000
34.346 47.513 0.000
34.368 47.513 0.000
34.390 47.513 0.000
34.413 47.513 0.000
34.435 47.513 0.000
34.457 47.513 0.000
34.479 47.513 0.000
34.501 47.513 0.000
34.524 47.513 0.000
34.546 47.513 0.000
34.568 47.513 0.000
34.590 47.513 0.000
34.613 47.513 0.000
34.635 47.513 0.000
34.657 47.513 0.000
34.679 47.513 0.000
34.701 47.513 0.000
34.724 47.513 0.000
34.746 47.513 0.000
34.768 47.513 0.000
34.790 47.513 0.000
34.813 47.513 0.000
34.835 47.513 0.000
34.857 47.513 0.000
34.879 47.513 0.000
34.901 47.513 0.000
34.924 47.513 0.000
34.946 47.513 0.000
34.968 47.513 0.000
34.990 47.513 0.000
